30 38 46 54 62 70 15.7 0 0 0 0 0 23.9343 -13.4671 
38 30 46 54 62 70 18.6 0 0 0 0 0 31.0831 -5.31826 
46 38 30 54 62 70 0.7 0 0 0 0 0 32.2667 0.325073 
54 38 46 30 62 70 1.8 0 0 0 0 0 33.7957 2.92552 
62 38 46 54 30 70 2.7 0 0 0 0 0 34.3068 6.25821 
70 38 46 54 62 30 1.1 0 0 0 0 0 36.0196 6.34877 
31 39 47 55 63 71 14.2 0 0 0 0 0 24.8036 -12.5827 
39 31 47 55 63 71 18 0 0 0 0 0 31.9773 -4.35916 
47 39 31 55 63 71 0.7 0 0 0 0 0 33.5319 2.15787 
55 39 47 31 63 71 1.7 0 0 0 0 0 34.5982 4.67523 
63 39 47 55 31 71 2.7 0 0 0 0 0 34.5778 6.76412 
71 39 47 55 63 31 1.1 0 0 0 0 0 36.3239 6.79678 
32 40 48 56 64 72 13 0 0 0 0 0 25.5792 -11.7868 
40 32 48 56 64 72 17.5 0 0 0 0 0 32.7327 -3.49113 
48 40 32 56 64 72 0.7 0 0 0 0 0 34.6055 4.04005 
56 40 48 32 64 72 1.7 0 0 0 0 0 35.252 6.19267 
64 40 48 56 32 72 2.6 0 0 0 0 0 34.8139 7.28132 
72 40 48 56 64 32 1 0 0 0 0 0 36.5807 7.2478 
33 41 49 57 65 73 12.1 0 0 0 0 0 26.2677 -11.0725 
41 33 49 57 65 73 17 0 0 0 0 0 33.3569 -2.71176 
49 41 33 57 65 73 0.7 0 0 0 0 0 35.4823 5.9672 
57 41 49 33 65 73 1.7 0 0 0 0 0 35.7737 7.66913 
65 41 49 57 33 73 2.5 0 0 0 0 0 35.0218 7.80995 
73 41 49 57 65 33 1 0 0 0 0 0 36.7977 7.70331 
34 42 50 58 66 74 11.3 0 0 0 0 0 26.8757 -10.4337 
42 34 50 58 66 74 16.6 0 0 0 0 0 33.8613 -2.01766 
50 42 34 58 66 74 0.7 0 0 0 0 0 36.1702 7.9451 
58 42 50 34 66 74 1.6 0 0 0 0 0 36.1829 9.17609 
66 42 50 58 34 74 2.5 0 0 0 0 0 35.2073 8.34598 
74 42 50 58 66 34 0.9 0 0 0 0 0 36.9815 8.1634 
35 43 51 59 67 75 10.6 0 0 0 0 0 27.4095 -9.8644 
43 35 51 59 67 75 16.3 0 0 0 0 0 34.2591 -1.40641 
51 43 35 59 67 75 0.6 0 0 0 0 0 36.6888 9.32193 
59 43 51 35 67 75 1.6 0 0 0 0 0 36.5 10.7106 
67 43 51 59 35 75 2.4 0 0 0 0 0 35.3748 8.89221 
75 43 51 59 67 35 0.9 0 0 0 0 0 37.1374 8.62816 
36 44 52 60 68 76 10 0 0 0 0 0 27.8749 -9.35915 
44 36 52 60 68 76 16 0 0 0 0 0 34.5645 -0.875031 
52 44 36 60 68 76 0.6 0 0 0 0 0 37.0649 9.91217 
60 44 52 36 68 76 1.5 0 0 0 0 0 36.7439 12.2773 
68 44 52 60 36 76 2.4 0 0 0 0 0 35.5277 9.45001 
76 44 52 60 68 36 0.8 0 0 0 0 0 37.2698 9.0938 
37 45 53 61 69 77 9.5 0 0 0 0 0 28.2773 -8.9129 
45 37 53 61 69 77 0.7 0 0 0 0 0 35.6514 1.85134 
53 45 37 61 69 77 0.9 0 0 0 0 0 36.5659 9.06556 
61 45 53 37 69 77 1.7 0 0 0 0 0 36.4042 10.92 
69 45 53 61 37 77 2.4 0 0 0 0 0 35.3513 9.00927 
77 45 53 61 69 37 0.8 0 0 0 0 0 37.3821 9.56244 
38 46 54 62 70 78 9.1 0 0 0 0 0 28.6219 -8.52106 
46 38 54 62 70 78 0.7 0 0 0 0 0 36.1541 2.85127 
54 46 38 62 70 78 0.8 0 0 0 0 0 37.0027 10.8587 
62 46 54 38 70 78 1.6 0 0 0 0 0 36.6402 12.43 
70 46 54 62 38 78 2.4 0 0 0 0 0 35.502 9.57509 
78 46 54 62 70 38 0.7 0 0 0 0 0 37.4773 10.0359 
39 47 55 63 71 79 8.7 0 0 0 0 0 28.9132 -8.17964 
47 39 55 63 71 79 0.7 0 0 0 0 0 36.5236 3.73995 
55 47 39 63 71 79 0.8 0 0 0 0 0 37.3131 12.6905 
63 47 55 39 71 79 1.5 0 0 0 0 0 36.8232 13.7019 
71 47 55 63 39 79 2.3 0 0 0 0 0 35.6416 10.1495 
79 47 55 63 71 39 0.7 0 0 0 0 0 37.5572 10.5141 
40 48 56 64 72 80 8.4 0 0 0 0 0 29.1555 -7.88471 
48 40 56 64 72 80 0.7 0 0 0 0 0 36.786 4.51961 
56 48 40 64 72 80 0.8 0 0 0 0 0 37.5269 14.2108 
64 48 56 40 72 80 1.5 0 0 0 0 0 36.9661 14.9962 
72 48 56 64 40 80 2.2 0 0 0 0 0 35.772 10.7307 
80 48 56 64 72 40 0.6 0 0 0 0 0 37.6235 10.9972 
41 49 57 65 73 81 8.1 0 0 0 0 0 29.3525 -7.63294 
49 41 57 65 73 81 0.7 0 0 0 0 0 36.9644 5.19298 
57 49 41 65 73 81 0.7 0 0 0 0 0 37.6695 14.7782 
65 49 57 41 73 81 1.4 0 0 0 0 0 37.0789 16.3117 
73 49 57 65 41 81 2.2 0 0 0 0 0 35.8948 11.3167 
81 49 57 65 73 41 0.6 0 0 0 0 0 37.6769 11.4809 
42 50 58 66 74 82 7.9 0 0 0 0 0 29.5076 -7.42137 
50 42 58 66 74 82 0.7 0 0 0 0 0 37.078 5.76266 
58 50 42 66 74 82 0.7 0 0 0 0 0 37.7605 15.2143 
66 50 58 42 74 82 1.4 0 0 0 0 0 37.1692 17.6454 
74 50 58 66 42 82 2.1 0 0 0 0 0 36.0111 11.9114 
82 50 58 66 74 42 0.5 0 0 0 0 0 37.7179 11.9679 
43 51 59 67 75 83 3.8 0 0 0 0 0 33.9348 1.65873 
51 43 59 67 75 83 0.3 0 0 0 0 0 37.6726 9.11681 
59 51 43 67 75 83 0.9 0 0 0 0 0 37.6492 16.6621 
67 51 59 43 75 83 1.5 0 0 0 0 0 37.033 16.8227 
75 51 59 67 43 83 2.1 0 0 0 0 0 35.9183 11.6308 
83 51 59 67 75 43 0.5 0 0 0 0 0 37.745 11.8128 
44 52 60 68 76 84 3.8 0 0 0 0 0 34.1092 2.54105 
52 44 60 68 76 84 0.3 0 0 0 0 0 37.7948 10.0925 
60 52 44 68 76 84 0.8 0 0 0 0 0 37.7434 18.625 
68 52 60 44 76 84 1.4 0 0 0 0 0 37.1202 18.1624 
76 52 60 68 44 84 2.1 0 0 0 0 0 36.0329 12.2258 
84 52 60 68 76 44 0.5 0 0 0 0 0 37.7917 12.2942 
45 53 61 69 77 85 3.8 0 0 0 0 0 34.2274 3.33075 
53 45 61 69 77 85 0.3 0 0 0 0 0 37.8624 10.94 
61 53 45 69 77 85 0.8 0 0 0 0 0 37.8035 19.4753 
69 53 61 45 77 85 1.3 0 0 0 0 0 37.1926 19.518 
77 53 61 69 45 85 2 0 0 0 0 0 36.142 12.8268 
85 53 61 69 77 45 0.4 0 0 0 0 0 37.8303 12.7783 
46 54 62 70 78 86 3.7 0 0 0 0 0 34.3003 4.03013 
54 46 62 70 78 86 0.4 0 0 0 0 0 37.8913 11.6617 
62 54 46 70 78 86 0.7 0 0 0 0 0 37.8399 19.9788 
70 54 62 46 78 86 1.3 0 0 0 0 0 37.2541 20.8899 
78 54 62 70 46 86 1.9 0 0 0 0 0 36.2462 13.4326 
86 54 62 70 78 46 0.3 0 0 0 0 0 37.8612 13.2652 
47 55 63 71 79 87 3.7 0 0 0 0 0 34.3362 4.64025 
55 47 63 71 79 87 0.4 0 0 0 0 0 37.8928 12.2597 
63 55 47 71 79 87 0.7 0 0 0 0 0 37.86 20.3377 
71 55 63 47 79 87 1.2 0 0 0 0 0 37.307 21.9518 
79 55 63 71 47 87 1.9 0 0 0 0 0 36.3461 14.0396 
87 55 63 71 79 47 0.3 0 0 0 0 0 37.8843 13.7522 
48 56 64 72 80 88 3.7 0 0 0 0 0 34.3413 5.16376 
56 48 64 72 80 88 0.4 0 0 0 0 0 37.8746 12.737 
64 56 48 72 80 88 0.6 0 0 0 0 0 37.8685 20.5553 
72 56 64 48 80 88 1.2 0 0 0 0 0 37.3534 23.0144 
80 56 64 72 48 88 1.8 0 0 0 0 0 36.4419 14.6525 
88 56 64 72 80 48 0.2 0 0 0 0 0 37.8994 14.2391 
49 57 65 73 81 89 2.7 0 0 0 0 0 35.9036 10.5626 
57 49 65 73 81 89 0.2 0 0 0 0 0 38.0777 16.7065 
65 57 49 73 81 89 0.7 0 0 0 0 0 37.8197 24.0456 
73 57 65 49 81 89 1.2 0 0 0 0 0 37.2876 22.5323 
81 57 65 73 49 89 1.8 0 0 0 0 0 36.3931 14.4606 
89 57 65 73 81 49 0.2 0 0 0 0 0 37.919 14.1048 
50 58 66 74 82 90 2.8 0 0 0 0 0 35.8762 11.5191 
58 50 66 74 82 90 0.2 0 0 0 0 0 38.0583 17.5587 
66 58 50 74 82 90 0.7 0 0 0 0 0 37.8321 24.6112 
74 58 66 50 82 90 1.1 0 0 0 0 0 37.3345 23.5924 
82 58 66 74 50 90 1.7 0 0 0 0 0 36.4869 15.0665 
90 58 66 74 82 50 0.2 0 0 0 0 0 37.9378 14.5802 
51 59 67 75 83 91 2.8 0 0 0 0 0 35.8285 12.3598 
59 51 67 75 83 91 0.3 0 0 0 0 0 38.0276 18.2691 
67 59 51 75 83 91 0.6 0 0 0 0 0 37.8377 25.0184 
75 59 67 51 83 91 1.1 0 0 0 0 0 37.3766 24.6624 
83 59 67 75 51 91 1.7 0 0 0 0 0 36.577 15.6757 
91 59 67 75 83 51 0 0 0 0 0 0 37.9509 15.0564 
52 60 68 76 84 92 2.8 0 0 0 0 0 35.7649 13.0866 
60 52 68 76 84 92 0.3 0 0 0 0 0 37.9889 18.8402 
68 60 52 76 84 92 0.5 0 0 0 0 0 37.8384 25.2695 
76 60 68 52 84 92 1 0 0 0 0 0 37.4148 25.7424 
84 60 68 76 52 92 1.6 0 0 0 0 0 36.6635 16.2882 
92 60 68 76 84 52 0 0 0 0 0 0 37.9579 15.5336 
53 61 69 77 85 93 2.8 0 0 0 0 0 35.6884 13.7013 
61 53 69 77 85 93 0.4 0 0 0 0 0 37.9444 19.2744 
69 61 53 77 85 93 0.5 0 0 0 0 0 37.8354 25.3676 
77 61 69 53 85 93 0.9 0 0 0 0 0 37.4497 26.8302 
85 61 69 77 53 93 1.5 0 0 0 0 0 36.7465 16.8983 
93 61 69 77 85 53 0 0 0 0 0 0 37.9582 16.0118 
54 62 70 78 86 94 2.8 0 0 0 0 0 35.6008 14.2063 
62 54 70 78 86 94 0.4 0 0 0 0 0 37.8952 19.5743 
70 62 54 78 86 94 0.4 0 0 0 0 0 37.8292 25.3155 
78 62 70 54 86 94 0.9 0 0 0 0 0 37.4814 27.5288 
86 62 70 78 54 94 1.4 0 0 0 0 0 36.8261 17.5119 
94 62 70 78 86 54 0.1 0 0 0 0 0 37.9503 16.4855 
55 63 71 79 87 95 2.4 0 0 0 0 0 36.2329 19.511 
63 55 71 79 87 95 0.3 0 0 0 0 0 37.9581 23.3692 
71 63 55 79 87 95 0.5 0 0 0 0 0 37.8014 29.2674 
79 63 71 55 87 95 0.9 0 0 0 0 0 37.4495 27.3192 
87 63 71 79 55 95 1.5 0 0 0 0 0 36.8018 17.3514 
95 63 71 79 87 55 0.1 0 0 0 0 0 37.9858 16.3323 
56 64 72 80 88 96 2.4 0 0 0 0 0 36.1383 20.4041 
64 56 72 80 88 96 0.3 0 0 0 0 0 37.9136 23.0612 
72 64 56 80 88 96 0.4 0 0 0 0 0 37.7993 29.5521 
80 64 72 56 88 96 0.8 0 0 0 0 0 37.4818 27.8633 
88 64 72 80 56 96 1.4 0 0 0 0 0 36.8791 17.9505 
96 64 72 80 88 56 0.1 0 0 0 0 0 37.9845 16.7885 
57 65 73 81 89 97 2.4 0 0 0 0 0 36.0373 21.1642 
65 57 73 81 89 97 0.4 0 0 0 0 0 37.8664 22.7354 
73 65 57 81 89 97 0.4 0 0 0 0 0 37.7948 29.6712 
81 65 73 57 89 97 0.8 0 0 0 0 0 37.5114 28.4119 
89 65 73 81 57 97 1.3 0 0 0 0 0 36.9531 18.5505 
97 65 73 81 89 57 0.2 0 0 0 0 0 37.977 17.2438 
58 66 74 82 90 98 2.5 0 0 0 0 0 35.9306 21.7934 
66 58 74 82 90 98 0.4 0 0 0 0 0 37.8168 22.3909 
74 66 58 82 90 98 0.3 0 0 0 0 0 37.7882 29.6277 
82 66 74 58 90 98 0.7 0 0 0 0 0 37.5383 28.9651 
90 66 74 82 58 98 1.2 0 0 0 0 0 37.0239 19.1515 
98 66 74 82 90 58 0.3 0 0 0 0 0 37.9616 17.6985 
59 67 75 83 91 99 2.5 0 0 0 0 0 35.8184 22.294 
67 59 75 83 91 99 0.5 0 0 0 0 0 37.7648 22.0261 
75 67 59 83 91 99 0.2 0 0 0 0 0 37.7793 29.424 
83 67 75 59 91 99 0.6 0 0 0 0 0 37.5625 29.5229 
91 67 75 83 59 99 1.1 0 0 0 0 0 37.0915 19.7507 
99 67 75 83 91 59 0.3 0 0 0 0 0 37.9355 18.1526 
60 68 76 84 92 100 2.6 0 0 0 0 0 35.7005 22.6679 
68 60 76 84 92 100 0.6 0 0 0 0 0 37.7104 21.6426 
76 68 60 84 92 100 0.2 0 0 0 0 0 37.7682 29.0629 
84 68 76 60 92 100 0.5 0 0 0 0 0 37.584 30.0853 
92 68 76 84 60 100 1.1 0 0 0 0 0 37.156 20.3483 
100 68 76 84 92 60 0.4 0 0 0 0 0 37.894 18.6063 
61 69 77 85 93 101 2.3 0 0 0 0 0 36.0255 28.1514 
69 61 77 85 93 101 0.5 0 0 0 0 0 37.7391 22.6778 
77 69 61 85 93 101 0.2 0 0 0 0 0 37.7563 32.9019 
85 69 77 61 93 101 0.6 0 0 0 0 0 37.572 29.9268 
93 69 77 85 61 101 1.1 0 0 0 0 0 37.1461 20.1686 
101 69 77 85 93 61 0.4 0 0 0 0 0 37.9692 18.3918 
62 70 78 86 94 102 2.4 0 0 0 0 0 35.9088 28.8883 
70 62 78 86 94 102 0.5 0 0 0 0 0 37.6888 22.2731 
78 70 62 86 94 102 0 0 0 0 0 0 37.7477 33.3064 
86 70 78 62 94 102 0.5 0 0 0 0 0 37.5936 30.4795 
94 70 78 86 62 102 1 0 0 0 0 0 37.2083 20.7443 
102 70 78 86 94 62 0.4 0 0 0 0 0 37.9402 18.8201 
63 71 79 87 95 103 2.4 0 0 0 0 0 35.7878 29.4788 
71 63 79 87 95 103 0.6 0 0 0 0 0 37.6362 21.8534 
79 71 63 87 95 103 0 0 0 0 0 0 37.7369 33.1046 
87 71 79 63 95 103 0.4 0 0 0 0 0 37.6125 31.0344 
95 71 79 87 63 103 0.9 0 0 0 0 0 37.2675 21.3187 
103 71 79 87 95 63 0.5 0 0 0 0 0 37.8955 19.2423 
64 72 80 88 96 104 2.5 0 0 0 0 0 35.6623 29.9254 
72 64 80 88 96 104 0.7 0 0 0 0 0 37.5813 21.4167 
80 72 64 88 96 104 0 0 0 0 0 0 37.7237 32.7342 
88 72 80 64 96 104 0.3 0 0 0 0 0 37.6287 31.5917 
96 72 80 88 64 104 0.9 0 0 0 0 0 37.3236 21.8919 
104 72 80 88 96 64 0.6 0 0 0 0 0 37.8266 17.9927 
65 73 81 89 97 105 2.6 0 0 0 0 0 35.5318 30.2012 
73 65 81 89 97 105 0.7 0 0 0 0 0 37.5238 20.9629 
81 73 65 89 97 105 0.1 0 0 0 0 0 37.7079 32.1982 
89 73 81 65 97 105 0.3 0 0 0 0 0 37.6421 32.1514 
97 73 81 89 65 105 0.8 0 0 0 0 0 37.3767 22.4641 
105 73 81 89 97 65 0.6 0 0 0 0 0 37.7199 15.6062 
66 74 82 90 98 106 2.4 0 0 0 0 0 35.7276 32.254 
74 66 82 90 98 106 0.7 0 0 0 0 0 37.5414 21.6349 
82 74 66 90 98 106 0.1 0 0 0 0 0 37.7045 33.3513 
90 74 82 66 98 106 0.3 0 0 0 0 0 37.6413 32.0119 
98 74 82 90 66 106 0.8 0 0 0 0 0 37.376 22.2398 
106 74 82 90 98 66 0.6 0 0 0 0 0 37.8551 17.3691 
67 75 83 91 99 107 2.4 0 0 0 0 0 35.5978 31.821 
75 67 83 91 99 107 0.7 0 0 0 0 0 37.486 21.1657 
83 75 67 91 99 107 0.1 0 0 0 0 0 37.6898 32.8429 
91 75 83 67 99 107 0.2 0 0 0 0 0 37.6545 32.5573 
99 75 83 91 67 107 0.7 0 0 0 0 0 37.4275 22.7846 
107 75 83 91 99 67 0.7 0 0 0 0 0 37.7565 14.9879 
68 76 84 92 100 108 2.5 0 0 0 0 0 35.4635 31.3637 
76 68 84 92 100 108 0.8 0 0 0 0 0 37.4278 20.6804 
84 76 68 92 100 108 0.2 0 0 0 0 0 37.6726 32.3264 
92 76 84 68 100 108 0 0 0 0 0 0 37.665 33.0991 
100 76 84 92 68 108 0.6 0 0 0 0 0 37.4763 23.3224 
108 76 84 92 100 68 0.7 0 0 0 0 0 37.6035 12.5834 
69 77 85 93 101 109 2.6 0 0 0 0 0 35.3245 30.8818 
77 69 85 93 101 109 0.9 0 0 0 0 0 37.3668 20.1825 
85 77 69 93 101 109 0.3 0 0 0 0 0 37.6526 31.8025 
93 77 85 69 101 109 0 0 0 0 0 0 37.6727 33.6391 
101 77 85 93 69 109 0.6 0 0 0 0 0 37.5222 23.8556 
109 77 85 93 101 69 0.8 0 0 0 0 0 37.3659 10.1531 
70 78 86 94 102 110 2.7 0 0 0 0 0 35.1804 30.3749 
78 70 86 94 102 110 1 0 0 0 0 0 37.3026 19.672 
86 78 70 94 102 110 0.3 0 0 0 0 0 37.6298 31.2713 
94 78 86 70 102 110 0 0 0 0 0 0 37.6775 34.1337 
102 78 86 94 70 110 0.5 0 0 0 0 0 37.5651 24.3858 
110 78 86 94 102 70 0.8 0 0 0 0 0 37 7.69644 
71 79 87 95 103 111 2.8 0 0 0 0 0 35.0308 29.8427 
79 71 87 95 103 111 1 0 0 0 0 0 37.2349 19.149 
87 79 71 95 103 111 0.4 0 0 0 0 0 37.6038 30.7326 
95 79 87 71 103 111 0.1 0 0 0 0 0 37.6791 32.736 
103 79 87 95 71 111 0.4 0 0 0 0 0 37.605 24.9133 
111 79 87 95 103 71 0.9 0 0 0 0 0 36.4471 5.21483 
72 80 88 96 104 112 2.6 0 0 0 0 0 35.1632 31.1523 
80 72 88 96 104 112 1 0 0 0 0 0 37.2534 19.5795 
88 80 72 96 104 112 0.4 0 0 0 0 0 37.6107 30.9388 
96 80 88 72 104 112 0.1 0 0 0 0 0 37.6907 34.0026 
104 80 88 96 72 112 0.5 0 0 0 0 0 37.6151 24.5746 
112 80 88 96 104 72 0.8 0 0 0 0 0 36.8955 6.59374 
73 81 89 97 105 113 2.7 0 0 0 0 0 35.0133 30.5842 
81 73 89 97 105 113 1.1 0 0 0 0 0 37.1864 19.0452 
89 81 73 97 105 113 0.5 0 0 0 0 0 37.5853 30.4004 
97 81 89 73 105 113 0.2 0 0 0 0 0 37.6929 33.4586 
105 81 89 97 73 113 0.4 0 0 0 0 0 37.6551 25.0662 
113 81 89 97 105 73 0.9 0 0 0 0 0 36.2945 4.14972 
74 82 90 98 106 114 2.8 0 0 0 0 0 34.8582 29.9955 
82 74 90 98 106 114 1.1 0 0 0 0 0 37.1159 18.5012 
90 82 74 98 106 114 0.5 0 0 0 0 0 37.5568 29.857 
98 82 90 74 106 114 0.2 0 0 0 0 0 37.6923 32.9132 
106 82 90 98 74 114 0.3 0 0 0 0 0 37.6925 25.5526 
114 82 90 98 106 74 1 0 0 0 0 0 35.4391 1.69227 
75 83 91 99 107 115 2.9 0 0 0 0 0 34.6976 29.386 
83 75 91 99 107 115 1.2 0 0 0 0 0 37.0417 17.9474 
91 83 75 99 107 115 0.6 0 0 0 0 0 37.525 29.3085 
99 83 91 75 107 115 0.3 0 0 0 0 0 37.6886 32.3663 
107 83 91 99 75 115 0.2 0 0 0 0 0 37.7268 26.0342 
115 83 91 99 107 75 46.6 0 0 0 0 0 34.2811 -0.435497 
76 84 92 100 108 116 3 0 0 0 0 0 34.5311 28.7556 
84 76 92 100 108 116 1.3 0 0 0 0 0 36.9634 17.3799 
92 84 76 100 108 116 0.7 0 0 0 0 0 37.4898 28.5686 
100 84 92 76 108 116 0.4 0 0 0 0 0 37.6814 31.1393 
108 84 92 100 76 116 0.2 0 0 0 0 0 37.7573 26.5113 
116 84 92 100 108 76 46.6 0 0 0 0 0 32.8004 -0.481246 
77 85 93 101 109 117 3.1 0 0 0 0 0 34.3585 28.104 
85 77 93 101 109 117 1.4 0 0 0 0 0 36.8808 16.8014 
93 85 77 101 109 117 0.8 0 0 0 0 0 37.4507 27.491 
101 85 93 77 109 117 0.4 0 0 0 0 0 37.6701 29.3864 
109 85 93 101 77 117 0 0 0 0 0 0 37.7829 26.9154 
117 85 93 101 109 77 46.7 0 0 0 0 0 31.0126 -0.53037 
78 86 94 102 110 118 3 0 0 0 0 0 34.4522 28.9425 
86 78 94 102 110 118 1.3 0 0 0 0 0 36.9023 17.079 
94 86 78 102 110 118 0.8 0 0 0 0 0 37.4688 27.9087 
102 86 94 78 110 118 0.4 0 0 0 0 0 37.6986 31.418 
110 86 94 102 78 118 0 0 0 0 0 0 37.8126 26.4653 
118 86 94 102 110 78 46.6 0 0 0 0 0 32.1133 -0.466737 
79 87 95 103 111 119 3.1 0 0 0 0 0 34.2784 28.2666 
87 79 95 103 111 119 1.4 0 0 0 0 0 36.8196 16.4966 
95 87 79 103 111 119 0.8 0 0 0 0 0 37.4305 26.8333 
103 87 95 79 111 119 0.5 0 0 0 0 0 37.6899 30.8795 
111 87 95 103 79 119 0 0 0 0 0 0 37.8421 26.8926 
119 87 95 103 111 79 46.7 0 0 0 0 0 30.2844 -0.510305 
80 88 96 104 112 120 3.2 0 0 0 0 0 34.0989 27.5738 
88 80 96 104 112 120 1.5 0 0 0 0 0 36.7327 15.9071 
96 88 80 104 112 120 0.9 0 0 0 0 0 37.3885 25.7481 
104 88 96 80 112 120 0.6 0 0 0 0 0 37.6774 30.2854 
112 88 96 104 80 120 0 0 0 0 0 0 37.8668 26.4892 
120 88 96 104 112 80 46.7 0 0 0 0 0 28.2453 -0.553511 
81 89 97 105 113 121 3.3 0 0 0 0 0 33.9133 26.8639 
89 81 97 105 113 121 1.6 0 0 0 0 0 36.6412 15.3103 
97 89 81 105 113 121 1 0 0 0 0 0 37.3422 24.6537 
105 89 97 81 113 121 0.6 0 0 0 0 0 37.6601 28.5373 
113 89 97 105 81 121 0.1 0 0 0 0 0 37.8844 24.3174 
121 89 97 105 113 81 46.8 0 0 0 0 0 26.0479 -0.599234 
82 90 98 106 114 122 3.4 0 0 0 0 0 33.7213 26.1356 
90 82 98 106 114 122 1.6 0 0 0 0 0 36.5447 14.7052 
98 90 82 106 114 122 1.1 0 0 0 0 0 37.2912 23.5498 
106 90 98 82 114 122 0.7 0 0 0 0 0 37.6364 26.6155 
114 90 98 106 82 122 0.1 0 0 0 0 0 37.8905 21.9777 
122 90 98 106 114 82 46.8 0 0 0 0 0 23.736 -0.64518 
83 91 99 107 115 123 3.5 0 0 0 0 0 33.5228 25.3871 
91 83 99 107 115 123 1.7 0 0 0 0 0 36.4429 14.0883 
99 91 83 107 115 123 1.1 0 0 0 0 0 37.2344 22.4357 
107 91 99 83 115 123 0.8 0 0 0 0 0 37.6036 24.5219 
115 91 99 107 83 123 0.2 0 0 0 0 0 37.877 19.4724 
123 91 99 107 115 83 46.9 0 0 0 0 0 21.3417 -2.34996 
84 92 100 108 116 124 3.4 0 0 0 0 0 33.5918 25.9242 
92 84 100 108 116 124 1.7 0 0 0 0 0 36.4708 14.2772 
100 92 84 108 116 124 1.1 0 0 0 0 0 37.2697 22.7569 
108 92 100 84 116 124 0.7 0 0 0 0 0 37.6651 26.5683 
116 92 100 108 84 124 0.1 0 0 0 0 0 37.9654 23.1713 
124 92 100 108 116 84 46.9 0 0 0 0 0 22.8998 -0.586728 
85 93 101 109 117 125 3.5 0 0 0 0 0 33.3922 25.1622 
93 85 101 109 117 125 1.8 0 0 0 0 0 36.3689 13.6641 
101 93 85 109 117 125 1.2 0 0 0 0 0 37.2142 21.657 
109 93 101 85 117 125 0.8 0 0 0 0 0 37.6383 25.04 
117 93 101 109 85 125 0.2 0 0 0 0 0 37.9669 21.0748 
125 93 101 109 117 85 46.9 0 0 0 0 0 20.6095 -3.20773 
86 94 102 110 118 126 3.6 0 0 0 0 0 33.1865 24.3864 
94 86 102 110 118 126 1.9 0 0 0 0 0 36.2616 13.0461 
102 94 86 110 118 126 1.2 0 0 0 0 0 37.1526 20.5505 
110 94 102 86 118 126 0.9 0 0 0 0 0 37.6011 23.5102 
118 94 102 110 86 126 0.2 0 0 0 0 0 37.9461 18.8103 
126 94 102 110 118 86 47 0 0 0 0 0 18.2848 -5.95868 
87 95 103 111 119 127 3.7 0 0 0 0 0 32.9744 23.5972 
95 87 103 111 119 127 1.9 0 0 0 0 0 36.1486 12.4235 
103 95 87 111 119 127 1.3 0 0 0 0 0 37.0833 19.4391 
111 95 103 87 119 127 0.9 0 0 0 0 0 37.5487 21.9785 
119 95 103 111 87 127 0.3 0 0 0 0 0 37.8874 16.3793 
127 95 103 111 119 87 47 0 0 0 0 0 15.9359 -8.71277 
88 96 104 112 120 128 3.9 0 0 0 0 0 32.7559 22.7944 
96 88 104 112 120 128 2 0 0 0 0 0 36.0292 11.7938 
104 96 88 112 120 128 1.4 0 0 0 0 0 37.0042 18.3226 
112 96 104 88 120 128 1 0 0 0 0 0 37.4728 20.4105 
120 96 104 112 88 128 0.3 0 0 0 0 0 37.763 13.7848 
128 96 104 112 120 88 47.1 0 0 0 0 0 13.5677 -11.4715 
89 97 105 113 121 129 4 0 0 0 0 0 32.5306 21.9781 
97 89 105 113 121 129 2.1 0 0 0 0 0 35.9028 11.1556 
105 97 89 113 121 129 1.5 0 0 0 0 0 36.9124 17.1997 
113 97 105 89 121 129 1.1 0 0 0 0 0 37.3602 18.286 
121 97 105 113 89 129 0.4 0 0 0 0 0 37.5251 11.0285 
129 97 105 113 121 89 47.1 0 0 0 0 0 11.1819 -14.2382 
90 98 106 114 122 130 3.9 0 0 0 0 0 32.5875 22.3202 
98 90 106 114 122 130 2.1 0 0 0 0 0 35.9448 11.3108 
106 98 90 114 122 130 1.4 0 0 0 0 0 36.9813 17.5239 
114 98 106 90 122 130 1 0 0 0 0 0 37.5148 19.2819 
122 98 106 114 90 130 0.3 0 0 0 0 0 37.8914 15.1182 
130 98 106 114 122 90 47.1 0 0 0 0 0 13.276 -11.9743 
91 99 107 115 123 131 4 0 0 0 0 0 32.3623 21.5006 
99 91 107 115 123 131 2.1 0 0 0 0 0 35.8186 10.6842 
107 99 91 115 123 131 1.5 0 0 0 0 0 36.8896 16.4285 
115 99 107 91 123 131 1.1 0 0 0 0 0 37.4129 17.4751 
123 99 107 115 91 131 0.3 0 0 0 0 0 37.7199 12.8017 
131 99 107 115 123 91 47.1 0 0 0 0 0 11.0561 -14.5893 
92 100 108 116 124 132 4.1 0 0 0 0 0 32.1312 20.6711 
100 92 108 116 124 132 2.2 0 0 0 0 0 35.6851 10.0552 
108 100 92 116 124 132 1.6 0 0 0 0 0 36.7815 15.332 
116 100 108 92 124 132 1.1 0 0 0 0 0 37.2631 15.6679 
124 100 108 116 92 132 0.4 0 0 0 0 0 37.4185 10.3226 
132 100 108 116 124 92 47.2 0 0 0 0 0 8.83628 -17.1993 
93 101 109 117 125 133 4.2 0 0 0 0 0 31.8939 19.8277 
101 93 109 117 125 133 2.3 0 0 0 0 0 35.5434 9.42386 
109 101 93 117 125 133 1.6 0 0 0 0 0 36.6515 14.2348 
117 101 109 93 125 133 1.2 0 0 0 0 0 37.0409 13.8573 
125 101 109 117 93 133 0.4 0 0 0 0 0 36.9136 7.68229 
133 101 109 117 125 93 47.3 0 0 0 0 0 6.61442 -19.8039 
94 102 110 118 126 134 4.3 0 0 0 0 0 31.6503 18.973 
102 94 110 118 126 134 2.4 0 0 0 0 0 35.3923 8.78449 
110 102 94 118 126 134 1.7 0 0 0 0 0 36.4918 13.1364 
118 102 110 94 126 134 1.2 0 0 0 0 0 36.7102 12.0468 
126 102 110 118 94 134 0.5 0 0 0 0 0 36.1078 4.88302 
134 102 110 118 126 94 47.3 0 0 0 0 0 4.38707 -22.4054 
95 103 111 119 127 135 4.4 0 0 0 0 0 31.4002 18.1083 
103 95 111 119 127 135 2.4 0 0 0 0 0 35.2303 8.14215 
111 103 95 119 127 135 1.8 0 0 0 0 0 36.2914 12.0334 
119 103 111 95 127 135 1.3 0 0 0 0 0 36.2193 10.1357 
127 103 111 119 95 135 0.5 0 0 0 0 0 34.8945 1.92621 
135 103 111 119 127 95 47.4 0 0 0 0 0 2.14928 -25.0065 
96 104 112 120 128 136 4.4 0 0 0 0 0 31.4595 18.3465 
104 96 112 120 128 136 2.4 0 0 0 0 0 35.3015 8.31541 
112 104 96 120 128 136 1.7 0 0 0 0 0 36.4438 12.4555 
120 104 112 96 128 136 1.2 0 0 0 0 0 36.7293 11.1943 
128 104 112 120 96 136 0.3 0 0 0 0 0 36.4648 6.55163 
136 104 112 120 128 96 47.3 0 0 0 0 0 5.12472 -21.9542 
97 105 113 121 129 137 4.5 0 0 0 0 0 31.212 17.489 
105 97 113 121 129 137 2.5 0 0 0 0 0 35.1397 7.69289 
113 105 97 121 129 137 1.8 0 0 0 0 0 36.2346 11.3969 
121 105 113 97 129 137 1.3 0 0 0 0 0 36.2644 9.17182 
129 105 113 121 97 137 0.4 0 0 0 0 0 35.5189 4.07471 
137 105 113 121 129 97 47.4 0 0 0 0 0 3.10262 -24.3481 
98 106 114 122 130 138 4.6 0 0 0 0 0 30.959 16.6251 
106 98 114 122 130 138 2.5 0 0 0 0 0 34.9658 7.0704 
114 106 98 122 130 138 1.8 0 0 0 0 0 35.97 10.3006 
122 106 114 98 130 138 1.3 0 0 0 0 0 35.6125 7.12952 
130 106 114 122 98 138 0.4 0 0 0 0 0 34.2094 1.4411 
138 106 114 122 130 98 47.5 0 0 0 0 0 1.08384 -26.7312 
99 107 115 123 131 139 4.7 0 0 0 0 0 30.7004 15.7548 
107 99 115 123 131 139 2.6 0 0 0 0 0 34.7772 6.44379 
115 107 99 123 131 139 1.9 0 0 0 0 0 35.632 8.90191 
123 107 115 99 131 139 1.4 0 0 0 0 0 34.722 5.09097 
131 107 115 123 99 139 109 0 0 0 0 0 32.5032 -1.34773 
139 107 115 123 131 99 47.5 0 0 0 0 0 -0.93759 -29.1051 
100 108 116 124 132 140 4.8 0 0 0 0 0 30.4358 14.8726 
108 100 116 124 132 140 2.7 0 0 0 0 0 34.5712 5.81496 
116 108 100 124 132 140 2 0 0 0 0 0 35.1975 7.49826 
124 108 116 100 132 140 1.4 0 0 0 0 0 33.5464 3.04965 
132 108 116 124 100 140 108.5 0 0 0 0 0 30.4069 -4.29099 
140 108 116 124 132 100 47.6 0 0 0 0 0 -2.96917 -31.4713 
101 109 117 125 133 141 4.9 0 0 0 0 0 30.1652 13.9833 
109 101 117 125 133 141 2.7 0 0 0 0 0 34.344 5.1856 
117 109 101 125 133 141 2 0 0 0 0 0 34.6381 6.09459 
125 109 117 101 133 141 1.5 0 0 0 0 0 32.0538 1.00946 
133 109 117 125 101 141 108.1 0 0 0 0 0 27.9584 -7.38728 
141 109 117 125 133 101 47.6 0 0 0 0 0 -5.02034 -33.8339 
102 110 118 126 134 142 4.9 0 0 0 0 0 30.2461 14.1922 
110 102 118 126 134 142 2.7 0 0 0 0 0 34.4753 5.4305 
118 110 102 126 134 142 2 0 0 0 0 0 35.0431 6.80328 
126 110 118 102 134 142 1.3 0 0 0 0 0 33.5519 2.47753 
134 110 118 126 102 142 117 0 0 0 0 0 31.5193 -2.01364 
142 110 118 126 134 102 47.6 0 0 0 0 0 -0.653636 -29.4596 
103 111 119 127 135 143 5 0 0 0 0 0 29.9819 13.321 
111 103 119 127 135 143 2.8 0 0 0 0 0 34.2463 4.82998 
119 111 103 127 135 143 2 0 0 0 0 0 34.4594 5.25813 
127 111 119 103 135 143 1.4 0 0 0 0 0 32.1833 0.564197 
135 111 119 127 103 143 116.2 0 0 0 0 0 29.5207 -4.5779 
143 111 119 127 135 103 47.6 0 0 0 0 0 -2.43077 -31.5514 
104 112 120 128 136 144 5.1 0 0 0 0 0 29.7129 12.4467 
112 104 120 128 136 144 2.8 0 0 0 0 0 33.9911 4.22926 
120 112 104 128 136 144 2.1 0 0 0 0 0 33.7296 3.59425 
128 112 120 104 136 144 45.2 0 0 0 0 0 30.5617 -1.33797 
136 112 120 128 104 144 115.5 0 0 0 0 0 27.2711 -7.29248 
144 112 120 128 136 104 47.7 0 0 0 0 0 -4.21504 -33.6272 
105 113 121 129 137 145 5.2 0 0 0 0 0 29.4386 11.5693 
113 105 121 129 137 145 2.9 0 0 0 0 0 33.7037 3.627 
121 113 105 129 137 145 2.1 0 0 0 0 0 32.8298 1.93189 
129 113 121 105 137 145 45.2 0 0 0 0 0 28.7019 -3.23049 
137 113 121 129 105 145 115 0 0 0 0 0 24.8036 -10.157 
145 113 121 129 137 105 47.8 0 0 0 0 0 -6.01748 -35.6942 
106 114 122 130 138 146 5.3 0 0 0 0 0 29.159 10.6845 
114 106 122 130 138 146 3 0 0 0 0 0 33.376 3.02629 
122 114 106 130 138 146 2.2 0 0 0 0 0 31.7399 0.268663 
130 114 122 106 138 146 45.3 0 0 0 0 0 26.6246 -5.29454 
138 114 122 130 106 146 114.5 0 0 0 0 0 22.1436 -13.1714 
146 114 122 130 138 106 47.8 0 0 0 0 0 -7.8517 -37.7536 
107 115 123 131 139 147 5.4 0 0 0 0 0 28.8734 9.79412 
115 107 123 131 139 147 3 0 0 0 0 0 32.9979 2.42677 
123 115 107 131 139 147 2.2 0 0 0 0 0 30.4462 -1.43608 
131 115 123 107 139 147 45.3 0 0 0 0 0 24.3491 -7.845 
139 115 123 131 107 147 114.1 0 0 0 0 0 19.3066 -16.3358 
147 115 123 131 139 107 47.9 0 0 0 0 0 -9.73467 -39.8115 
108 116 124 132 140 148 5.4 0 0 0 0 0 29.0018 10.0457 
116 108 124 132 140 148 3 0 0 0 0 0 33.2634 2.80368 
124 116 108 132 140 148 2.1 0 0 0 0 0 31.4569 -0.25319 
132 116 124 108 140 148 45.3 0 0 0 0 0 27.0417 -5.50115 
140 116 124 132 108 148 123.1 0 0 0 0 0 24.4947 -9.89455 
148 116 124 132 140 108 47.8 0 0 0 0 0 -3.17988 -33.3273 
109 117 125 133 141 149 5.5 0 0 0 0 0 28.7276 9.18516 
117 109 125 133 141 149 3 0 0 0 0 0 32.8766 2.24299 
125 117 109 133 141 149 37.2 0 0 0 0 0 30.1832 -1.82343 
133 117 125 109 141 149 45.3 0 0 0 0 0 25.0076 -7.87859 
141 117 125 133 109 149 122.3 0 0 0 0 0 22.1548 -12.4565 
149 117 125 133 141 109 47.9 0 0 0 0 0 -4.71579 -35.0376 
110 118 126 134 142 150 5.6 0 0 0 0 0 28.4487 8.32467 
118 110 126 134 142 150 3.1 0 0 0 0 0 32.4266 1.6811 
126 118 110 134 142 150 37.2 0 0 0 0 0 28.735 -3.35499 
134 118 126 110 142 150 51.1 0 0 0 0 0 22.8418 -10.1597 
142 118 126 134 110 150 121.6 0 0 0 0 0 19.6833 -15.163 
150 118 126 134 142 110 47.9 0 0 0 0 0 -6.28968 -36.7331 
111 119 127 135 143 151 5.6 0 0 0 0 0 28.1644 7.46399 
119 111 127 135 143 151 3.1 0 0 0 0 0 31.8988 1.12231 
127 119 111 135 143 151 37.3 0 0 0 0 0 27.1187 -5.29715 
135 119 127 111 143 151 51.1 0 0 0 0 0 20.5539 -12.1841 
143 119 127 135 111 151 121.1 0 0 0 0 0 17.0827 -18.0152 
151 119 127 135 143 111 48 0 0 0 0 0 -7.92062 -38.4255 
112 120 128 136 144 152 5.7 0 0 0 0 0 27.8741 6.59829 
120 112 128 136 144 152 3.2 0 0 0 0 0 31.2762 0.56646 
128 120 112 136 144 152 37.3 0 0 0 0 0 25.3428 -7.5215 
136 120 128 112 144 152 51.1 0 0 0 0 0 18.1468 -14.1991 
144 120 128 136 112 152 120.6 0 0 0 0 0 14.3498 -21.0151 
152 120 128 136 144 112 48 0 0 0 0 0 -9.63126 -40.1177 
113 121 129 137 145 153 5.8 0 0 0 0 0 27.5767 5.73011 
121 113 129 137 145 153 3.2 0 0 0 0 0 30.5396 0.0129477 
129 121 113 137 145 153 43.1 0 0 0 0 0 23.4156 -9.6353 
137 121 129 113 145 153 51.2 0 0 0 0 0 15.6172 -16.7383 
145 121 129 137 113 153 120.2 0 0 0 0 0 11.4774 -24.1641 
153 121 129 137 145 113 48.1 0 0 0 0 0 -11.4483 -41.8184 
114 122 130 138 146 154 5.8 0 0 0 0 0 27.7887 6.10033 
122 114 130 138 146 154 3.2 0 0 0 0 0 31.1244 0.595341 
130 122 114 138 146 154 43.1 0 0 0 0 0 25.2819 -7.85564 
138 122 130 114 146 154 51.2 0 0 0 0 0 19.5267 -13.2911 
146 122 130 138 114 154 129.4 0 0 0 0 0 18.5245 -16.1496 
154 122 130 138 146 114 48 0 0 0 0 0 -1.27696 -31.8492 
115 123 131 139 147 155 5.9 0 0 0 0 0 27.5081 5.27458 
123 115 131 139 147 155 3.2 0 0 0 0 0 30.3748 0.0919514 
131 123 115 139 147 155 43.1 0 0 0 0 0 23.4666 -9.58768 
139 123 131 115 147 155 51.2 0 0 0 0 0 17.3002 -15.7432 
147 123 131 139 115 155 128.6 0 0 0 0 0 16.2151 -18.5965 
155 123 131 139 147 115 48.1 0 0 0 0 0 -2.64886 -33.1496 
116 124 132 140 148 156 6 0 0 0 0 0 27.2207 4.45157 
124 116 132 140 148 156 3.3 0 0 0 0 0 29.4978 -1.19379 
132 124 116 140 148 156 43.1 0 0 0 0 0 21.5392 -11.3073 
140 124 132 116 148 156 51.2 0 0 0 0 0 14.9905 -18.182 
148 124 132 140 116 156 127.9 0 0 0 0 0 13.8001 -21.1847 
156 124 132 140 148 116 48.1 0 0 0 0 0 -4.1135 -34.7369 
117 125 133 141 149 157 6 0 0 0 0 0 26.9247 3.63084 
125 117 133 141 149 157 3.3 0 0 0 0 0 28.4775 -2.70747 
133 125 117 141 149 157 43.2 0 0 0 0 0 19.5054 -13.5594 
141 125 133 117 149 157 57 0 0 0 0 0 12.5919 -20.3128 
149 125 133 141 117 157 127.3 0 0 0 0 0 11.2709 -23.9179 
157 125 133 141 149 117 48.2 0 0 0 0 0 -5.69576 -36.6584 
118 126 134 142 150 158 6.1 0 0 0 0 0 26.6178 2.80683 
126 118 134 142 150 158 3.4 0 0 0 0 0 27.301 -4.27558 
134 126 118 142 150 158 43.2 0 0 0 0 0 17.3672 -15.9572 
142 126 134 118 150 158 57 0 0 0 0 0 10.0946 -22.4017 
150 126 134 142 118 158 126.8 0 0 0 0 0 8.61665 -26.8001 
158 126 134 142 150 118 48.2 0 0 0 0 0 -7.42232 -38.6033 
119 127 135 143 151 159 6.2 0 0 0 0 0 26.2967 1.98295 
127 119 135 143 151 159 35.1 0 0 0 0 0 25.9582 -5.72547 
135 127 119 143 151 159 49 0 0 0 0 0 15.1234 -18.1757 
143 127 135 119 151 159 57.1 0 0 0 0 0 7.48559 -24.8261 
151 127 135 143 119 159 126.4 0 0 0 0 0 5.82414 -29.836 
159 127 135 143 151 119 48.3 0 0 0 0 0 -9.32141 -40.5832 
120 128 136 144 152 160 6.1 0 0 0 0 0 26.6483 2.5587 
128 120 136 144 152 160 35.1 0 0 0 0 0 27.1917 -4.32777 
136 128 120 144 152 160 49 0 0 0 0 0 18.027 -15.4529 
144 128 136 120 152 160 57.1 0 0 0 0 0 13.0487 -19.7368 
152 128 136 144 120 160 136.1 0 0 0 0 0 15.6377 -19.3654 
160 128 136 144 152 120 48.2 0 0 0 0 0 7.71017 -23.7206 
121 129 137 145 153 161 6.2 0 0 0 0 0 26.3482 1.79111 
129 121 137 145 153 161 35.2 0 0 0 0 0 25.8749 -5.79093 
137 129 121 145 153 161 49 0 0 0 0 0 15.9614 -17.3065 
145 129 137 121 153 161 57.1 0 0 0 0 0 10.8069 -22.1961 
153 129 137 145 121 161 135.2 0 0 0 0 0 13.5224 -21.5467 
161 129 137 145 153 121 48.3 0 0 0 0 0 6.40595 -25.2338 
122 130 138 146 154 162 6.3 0 0 0 0 0 26.0303 1.02823 
130 122 138 146 154 162 35.2 0 0 0 0 0 24.4075 -7.87505 
138 130 122 146 154 162 49 0 0 0 0 0 13.8159 -19.1463 
146 130 138 122 154 162 57.1 0 0 0 0 0 8.48868 -24.6436 
154 130 138 146 122 162 134.4 0 0 0 0 0 11.3008 -23.8723 
162 130 138 146 154 122 73 0 0 0 0 0 4.95925 -26.5207 
123 131 139 147 155 163 6.4 0 0 0 0 0 25.6885 0.269234 
131 123 139 147 155 163 41 0 0 0 0 0 22.7907 -9.8575 
139 131 123 147 155 163 49.1 0 0 0 0 0 11.5872 -21.6616 
147 131 139 123 155 163 62.9 0 0 0 0 0 6.08233 -26.8593 
155 131 139 147 123 163 133.7 0 0 0 0 0 8.96094 -26.3498 
163 131 139 147 155 123 73.1 0 0 0 0 0 3.34935 -28.1903 
124 132 140 148 156 164 6.4 0 0 0 0 0 25.3141 -0.490974 
132 124 140 148 156 164 41 0 0 0 0 0 21.0274 -11.5769 
140 132 124 148 156 164 49.1 0 0 0 0 0 9.26965 -24.1842 
148 132 140 124 156 164 62.9 0 0 0 0 0 3.57352 -28.9666 
156 132 140 148 124 164 133.2 0 0 0 0 0 6.48906 -28.9871 
164 132 140 148 156 124 73.1 0 0 0 0 0 1.55523 -30.3433 
125 133 141 149 157 165 6.5 0 0 0 0 0 24.8956 -1.25069 
133 125 141 149 157 165 41.1 0 0 0 0 0 19.1212 -13.5068 
141 133 125 149 157 165 54.9 0 0 0 0 0 6.85507 -26.4584 
149 133 141 125 157 165 63 0 0 0 0 0 0.944855 -31.3008 
157 133 141 149 125 165 132.7 0 0 0 0 0 3.86916 -31.7942 
165 133 141 149 157 125 78.9 0 0 0 0 0 -0.445061 -32.4589 
126 134 142 150 158 166 6.6 0 0 0 0 0 24.4169 -2.00958 
134 126 142 150 158 166 41.1 0 0 0 0 0 17.0747 -15.9522 
142 134 126 150 158 166 54.9 0 0 0 0 0 4.33255 -28.6383 
150 134 142 126 158 166 63 0 0 0 0 0 -1.82436 -34.1043 
158 134 142 150 126 166 132.3 0 0 0 0 0 1.08359 -34.7806 
166 134 142 150 158 126 78.9 0 0 0 0 0 -2.67515 -34.4357 
127 135 143 151 159 167 6.7 0 0 0 0 0 23.8567 -2.76894 
135 127 143 151 159 167 46.9 0 0 0 0 0 14.8887 -18.2792 
143 135 127 151 159 167 55 0 0 0 0 0 1.68775 -31.2016 
151 135 143 127 159 167 63 0 0 0 0 0 -4.75824 -36.9362 
159 135 143 151 127 167 131.9 0 0 0 0 0 -1.88669 -37.958 
167 135 143 151 159 127 79 0 0 0 0 0 -5.16118 -36.6701 
128 136 144 152 160 168 6.7 0 0 0 0 0 23.1873 -4.10976 
136 128 144 152 160 168 46.9 0 0 0 0 0 12.5612 -20.3766 
144 136 128 152 160 168 55 0 0 0 0 0 -1.09785 -34.125 
152 136 144 128 160 168 122.3 0 0 0 0 0 -7.88409 -40.5032 
160 136 144 152 128 168 131.6 0 0 0 0 0 -5.06182 -41.3388 
168 136 144 152 160 128 79 0 0 0 0 0 -7.93273 -39.5567 
129 137 145 153 161 169 6.8 0 0 0 0 0 22.3732 -5.98467 
137 129 145 153 161 169 47 0 0 0 0 0 10.0859 -22.7654 
145 137 129 153 161 169 60.8 0 0 0 0 0 -4.04789 -36.9535 
153 137 145 129 161 169 122.1 0 0 0 0 0 -11.2317 -44.68 
161 137 145 153 129 169 131.3 0 0 0 0 0 -8.46278 -44.9367 
169 137 145 153 161 129 138.6 0 0 0 0 0 -11.0235 -43.0007 
130 138 146 154 162 170 6.9 0 0 0 0 0 21.3727 -7.87563 
138 130 146 154 162 170 47 0 0 0 0 0 7.45201 -25.6478 
146 138 130 154 162 170 60.8 0 0 0 0 0 -7.19207 -39.5803 
154 138 146 130 162 170 122 0 0 0 0 0 -14.8318 -49.0549 
162 138 146 154 130 170 131.1 0 0 0 0 0 -12.1112 -48.7678 
170 138 146 154 162 130 138.3 0 0 0 0 0 -14.4719 -47.2372 
131 139 147 155 163 171 6.9 0 0 0 0 0 20.1397 -10.1157 
139 131 147 155 163 171 52.8 0 0 0 0 0 4.64203 -28.3995 
147 139 131 155 163 171 60.9 0 0 0 0 0 -10.5665 -42.4632 
155 139 147 131 163 171 121.9 0 0 0 0 0 -18.7145 -53.6374 
163 139 147 155 131 171 130.9 0 0 0 0 0 -16.0296 -52.8492 
171 139 147 155 163 131 138.1 0 0 0 0 0 -18.3211 -51.8428 
132 140 148 156 164 172 7 0 0 0 0 0 18.6288 -12.4328 
140 132 148 156 164 172 52.8 0 0 0 0 0 1.6305 -30.9637 
148 140 132 156 164 172 113.1 0 0 0 0 0 -14.213 -46.2464 
156 140 148 132 164 172 121.8 0 0 0 0 0 -22.9067 -58.439 
164 140 148 156 132 172 130.7 0 0 0 0 0 -20.2413 -57.2012 
172 140 148 156 164 132 138 0 0 0 0 0 -22.6186 -56.8478 
133 141 149 157 165 173 39 0 0 0 0 0 16.8004 -14.721 
141 133 149 157 165 173 52.9 0 0 0 0 0 -1.61788 -33.9754 
149 141 133 157 165 173 113 0 0 0 0 0 -18.176 -51.4221 
157 141 149 133 165 173 121.7 0 0 0 0 0 -27.4308 -63.473 
165 141 149 157 133 173 130.6 0 0 0 0 0 -24.7713 -61.847 
173 141 149 157 165 133 137.8 0 0 0 0 0 -27.4164 -62.2885 
134 142 150 158 166 174 44.8 0 0 0 0 0 14.6228 -17.1532 
142 134 150 158 166 174 52.9 0 0 0 0 0 -5.14902 -37.4058 
150 142 134 158 166 174 113 0 0 0 0 0 -22.4975 -56.8047 
158 142 150 134 166 174 121.7 0 0 0 0 0 -32.3043 -68.7556 
166 142 150 158 134 174 130.4 0 0 0 0 0 -29.6476 -66.8144 
174 142 150 158 166 134 137.7 0 0 0 0 0 -32.7699 -68.2076 
135 143 151 159 167 175 44.9 0 0 0 0 0 12.0698 -19.6548 
143 135 151 159 167 175 58.7 0 0 0 0 0 -9.01754 -40.8686 
151 143 135 159 167 175 113 0 0 0 0 0 -27.2104 -62.4025 
159 143 151 135 167 175 121.6 0 0 0 0 0 -37.541 -74.3057 
167 143 151 159 135 175 130.3 0 0 0 0 0 -34.9025 -72.1363 
175 143 151 159 167 135 137.6 0 0 0 0 0 -38.7394 -74.6575 
136 144 152 160 168 176 44.9 0 0 0 0 0 9.11321 -22.93 
144 136 152 160 168 176 104.5 0 0 0 0 0 -13.2802 -46.5804 
152 144 136 160 168 176 113 0 0 0 0 0 -32.3341 -68.2268 
160 144 152 136 168 176 121.6 0 0 0 0 0 -43.1536 -80.1466 
168 144 152 160 136 176 130.2 0 0 0 0 0 -40.5755 -77.8536 
176 144 152 160 168 136 137.5 0 0 0 0 0 -45.3929 -81.7035 
137 145 153 161 169 177 50.7 0 0 0 0 0 5.71515 -26.0482 
145 137 153 161 169 177 104.6 0 0 0 0 0 -17.9846 -52.4933 
153 145 137 161 169 177 113.1 0 0 0 0 0 -37.8734 -74.2908 
161 145 153 137 169 177 121.6 0 0 0 0 0 -49.1569 -86.3055 
169 145 153 161 137 177 130.2 0 0 0 0 0 -46.717 -84.0195 
177 145 153 161 169 137 137.5 0 0 0 0 0 -52.8114 -89.4299 
138 146 154 162 170 178 96.2 0 0 0 0 0 1.8276 -30.1996 
146 138 154 162 170 178 104.6 0 0 0 0 0 -23.1571 -58.6141 
154 146 138 162 170 178 113.1 0 0 0 0 0 -43.8231 -80.6117 
162 146 154 138 170 178 121.6 0 0 0 0 0 -55.5715 -92.8164 
170 146 154 162 138 178 130.1 0 0 0 0 0 -53.3954 -90.7044 
178 146 154 162 170 138 137.4 0 0 0 0 0 -61.1004 -97.9497 
139 147 155 163 171 179 96.3 0 0 0 0 0 -2.59629 -36.2536 
147 139 155 163 171 179 104.7 0 0 0 0 0 -28.7974 -64.952 
155 147 139 163 171 179 113.1 0 0 0 0 0 -50.1748 -87.2078 
163 147 155 139 171 179 121.6 0 0 0 0 0 -62.4272 -99.722 
171 147 155 163 139 179 130.1 0 0 0 0 0 -60.709 -98.0091 
179 147 155 163 171 139 137.4 0 0 0 0 0 -70.4082 -107.421 
