30 44 58 72 86 100 10.5 0 0 0 0 0 8.59919 -4.73131 
44 30 58 72 86 100 0.4 0 0 0 0 0 13.7907 19.8034 
58 44 30 72 86 100 1.4 0 0 0 0 0 13.0845 50.6684 
72 44 58 30 86 100 0.9 0 0 0 0 0 12.9014 55.6721 
86 44 58 72 30 100 0.3 0 0 0 0 0 12.8341 51.2031 
100 44 58 72 86 30 5.4 0 0 0 0 0 4.44704 19.1575 
31 45 59 73 87 101 9.3 0 0 0 0 0 9.16623 -4.15336 
45 31 59 73 87 101 0.4 0 0 0 0 0 13.7417 20.906 
59 45 31 73 87 101 1.3 0 0 0 0 0 13.079 51.2446 
73 45 59 31 87 101 0.8 0 0 0 0 0 12.9195 55.8484 
87 45 59 73 31 101 0.4 0 0 0 0 0 12.8096 50.3298 
101 45 59 73 87 31 5.5 0 0 0 0 0 4.16845 18.2891 
32 46 60 74 88 102 8.3 0 0 0 0 0 9.66454 -3.64197 
46 32 60 74 88 102 0.3 0 0 0 0 0 13.6909 21.9259 
60 46 32 74 88 102 1.3 0 0 0 0 0 13.0752 51.844 
74 46 60 32 88 102 0.7 0 0 0 0 0 12.9335 55.211 
88 46 60 74 32 102 0.6 0 0 0 0 0 12.7777 49.4457 
102 46 60 74 88 32 5.6 0 0 0 0 0 3.88921 17.4246 
33 47 61 75 89 103 7.5 0 0 0 0 0 10.1001 -3.19112 
47 33 61 75 89 103 0.3 0 0 0 0 0 13.6393 22.862 
61 47 33 75 89 103 1.2 0 0 0 0 0 13.0728 52.467 
75 47 61 33 89 103 0.5 0 0 0 0 0 12.943 54.5502 
89 47 61 75 33 103 0.7 0 0 0 0 0 12.7382 48.5506 
103 47 61 75 89 33 5.7 0 0 0 0 0 3.60929 16.5638 
34 48 62 76 90 104 6.7 0 0 0 0 0 10.4786 -2.79533 
48 34 62 76 90 104 0.3 0 0 0 0 0 13.5875 23.7139 
62 48 34 76 90 104 1.1 0 0 0 0 0 13.0712 52.5127 
76 48 62 34 90 104 0.4 0 0 0 0 0 12.9476 53.8657 
90 48 62 76 34 104 0.9 0 0 0 0 0 12.691 47.6445 
104 48 62 76 90 34 5.8 0 0 0 0 0 3.32866 15.7066 
35 49 63 77 91 105 6.1 0 0 0 0 0 10.8055 -2.44921 
49 35 63 77 91 105 0.3 0 0 0 0 0 13.536 24.4802 
63 49 35 77 91 105 1 0 0 0 0 0 13.0701 52.2454 
77 49 63 35 91 105 0.2 0 0 0 0 0 12.947 53.1573 
91 49 63 77 35 105 1 0 0 0 0 0 12.6358 46.7228 
105 49 63 77 91 35 5.9 0 0 0 0 0 3.0472 14.8492 
36 50 64 78 92 106 5.5 0 0 0 0 0 11.0856 -2.14771 
50 36 64 78 92 106 0.7 0 0 0 0 0 13.5928 35.6847 
64 50 36 78 92 106 1.3 0 0 0 0 0 12.9621 52.7375 
78 50 64 36 92 106 0.4 0 0 0 0 0 12.9318 54.3112 
92 50 64 78 36 106 1 0 0 0 0 0 12.6604 47.2123 
106 50 64 78 92 36 6 0 0 0 0 0 2.76474 13.9932 
37 51 65 79 93 107 5 0 0 0 0 0 11.3238 -1.88629 
51 37 65 79 93 107 0.7 0 0 0 0 0 13.5437 36.9109 
65 51 37 79 93 107 1.2 0 0 0 0 0 12.9736 53.4513 
79 51 65 37 93 107 0.2 0 0 0 0 0 12.9319 53.5589 
93 51 65 79 37 107 1.1 0 0 0 0 0 12.6025 46.2823 
107 51 65 79 93 37 6.1 0 0 0 0 0 2.48098 13.1404 
38 52 66 80 94 108 4.6 0 0 0 0 0 11.5243 -1.66088 
52 38 66 80 94 108 0.7 0 0 0 0 0 13.498 38.0224 
66 52 38 80 94 108 1 0 0 0 0 0 12.9843 54.1836 
80 52 66 38 94 108 0 0 0 0 0 0 12.926 52.7873 
94 52 66 80 38 108 1.3 0 0 0 0 0 12.537 45.3453 
108 52 66 80 94 38 6.1 0 0 0 0 0 2.19548 12.2903 
39 53 67 81 95 109 4.2 0 0 0 0 0 11.6912 -1.46714 
53 39 67 81 95 109 0.6 0 0 0 0 0 13.4553 39.0185 
67 53 39 81 95 109 0.9 0 0 0 0 0 12.9938 54.2489 
81 53 67 39 95 109 0.1 0 0 0 0 0 12.9136 51.9962 
95 53 67 81 39 109 1.4 0 0 0 0 0 12.4638 44.4012 
109 53 67 81 95 39 6.2 0 0 0 0 0 1.90753 11.4429 
40 54 68 82 96 110 3.9 0 0 0 0 0 11.828 -1.30197 
54 40 68 82 96 110 0.6 0 0 0 0 0 13.4155 39.8984 
68 54 40 82 96 110 0.8 0 0 0 0 0 13.0014 53.7907 
82 54 68 40 96 110 0.2 0 0 0 0 0 12.8944 51.1856 
96 54 68 82 40 110 1.6 0 0 0 0 0 12.3828 43.45 
110 54 68 82 96 40 6.3 0 0 0 0 0 1.61602 10.5952 
41 55 69 83 97 111 3.6 0 0 0 0 0 11.9381 -1.16171 
55 41 69 83 97 111 1.2 0 0 0 0 0 13.2845 47.9141 
69 55 41 83 97 111 1 0 0 0 0 0 12.934 54.934 
83 55 69 41 97 111 0.1 0 0 0 0 0 12.8982 52.0264 
97 55 69 83 41 111 1.5 0 0 0 0 0 12.4248 43.872 
111 55 69 83 97 41 6.4 0 0 0 0 0 1.31918 9.74654 
42 56 70 84 98 112 3.4 0 0 0 0 0 12.0245 -1.04378 
56 42 70 84 98 112 1.1 0 0 0 0 0 13.261 49.1136 
70 56 42 84 98 112 0.9 0 0 0 0 0 12.9497 55.4933 
84 56 70 42 98 112 0.3 0 0 0 0 0 12.8774 51.1868 
98 56 70 84 42 112 1.7 0 0 0 0 0 12.3428 42.9266 
112 56 70 84 98 42 6.5 0 0 0 0 0 1.01411 8.01038 
43 57 71 85 99 113 3.2 0 0 0 0 0 12.0899 -0.945362 
57 43 71 85 99 113 1.1 0 0 0 0 0 13.2402 49.8051 
71 57 43 85 99 113 0.8 0 0 0 0 0 12.9625 54.9364 
85 57 71 43 99 113 0.4 0 0 0 0 0 12.8494 50.3321 
99 57 71 85 43 113 1.8 0 0 0 0 0 12.2538 41.9782 
113 57 71 85 99 43 6.5 0 0 0 0 0 0.695995 5.79244 
44 58 72 86 100 114 3 0 0 0 0 0 12.1364 -0.86444 
58 44 72 86 100 114 1 0 0 0 0 0 13.2217 49.7596 
72 58 44 86 100 114 0.6 0 0 0 0 0 12.9718 54.351 
86 58 72 44 100 114 0.6 0 0 0 0 0 12.8139 49.4621 
100 58 72 86 44 114 2 0 0 0 0 0 12.1578 41.0257 
114 58 72 86 100 44 6.6 0 0 0 0 0 0.356686 3.42346 
45 59 73 87 101 115 0.5 0 0 0 0 0 13.6728 23.6498 
59 45 73 87 101 115 1.4 0 0 0 0 0 13.0706 51.1503 
73 59 45 87 101 115 0.8 0 0 0 0 0 12.93 55.9819 
87 59 73 45 101 115 0.5 0 0 0 0 0 12.8273 50.0951 
101 59 73 87 45 115 1.9 0 0 0 0 0 12.2171 41.429 
115 59 73 87 101 45 6.6 0 0 0 0 0 0.884131 7.95316 
46 60 74 88 102 116 0.5 0 0 0 0 0 13.6208 24.7375 
60 46 74 88 102 116 1.3 0 0 0 0 0 13.0686 51.7557 
74 60 46 88 102 116 0.6 0 0 0 0 0 12.9437 55.3382 
88 60 74 46 102 116 0.7 0 0 0 0 0 12.7891 49.2058 
102 60 74 88 46 116 2.1 0 0 0 0 0 12.1224 40.4883 
116 60 74 88 102 46 6.6 0 0 0 0 0 0.612047 7.14585 
47 61 75 89 103 117 0.4 0 0 0 0 0 13.5683 25.7368 
61 47 75 89 103 117 1.2 0 0 0 0 0 13.0679 52.3849 
75 61 47 89 103 117 0.5 0 0 0 0 0 12.9529 54.6709 
89 61 75 47 103 117 0.8 0 0 0 0 0 12.7432 48.3055 
103 61 75 89 47 117 2.2 0 0 0 0 0 12.0217 39.5465 
117 61 75 89 103 47 6.7 0 0 0 0 0 0.336188 6.33767 
48 62 76 90 104 118 0.4 0 0 0 0 0 13.5158 26.6462 
62 48 76 90 104 118 1.1 0 0 0 0 0 13.0682 53.0379 
76 62 48 90 104 118 0.4 0 0 0 0 0 12.9571 53.9798 
90 62 76 48 104 118 1 0 0 0 0 0 12.6896 47.3941 
104 62 76 90 48 118 2.4 0 0 0 0 0 11.9152 38.6053 
118 62 76 90 104 48 6.8 0 0 0 0 0 0.0531764 5.5334 
49 63 77 91 105 119 0.4 0 0 0 0 0 13.4635 27.466 
63 49 77 91 105 119 1 0 0 0 0 0 13.0688 53.6309 
77 63 49 91 105 119 0.2 0 0 0 0 0 12.956 53.2647 
91 63 77 49 105 119 1.1 0 0 0 0 0 12.6281 46.4669 
105 63 77 91 49 119 2.5 0 0 0 0 0 11.803 37.6647 
119 63 77 91 105 49 6.9 0 0 0 0 0 -0.242986 4.73249 
50 64 78 92 106 120 0.7 0 0 0 0 0 13.5692 36.8152 
64 50 78 92 106 120 1.3 0 0 0 0 0 12.9552 52.6472 
78 64 50 92 106 120 0.3 0 0 0 0 0 12.9412 54.4427 
92 64 78 50 106 120 1.1 0 0 0 0 0 12.6554 46.9659 
106 64 78 92 50 120 2.4 0 0 0 0 0 11.8978 38.123 
120 64 78 92 106 50 6.8 0 0 0 0 0 0.351962 5.70929 
51 65 79 93 107 121 0.6 0 0 0 0 0 13.5199 38.01 
65 51 79 93 107 121 1.2 0 0 0 0 0 12.9687 53.3655 
79 65 51 93 107 121 0.2 0 0 0 0 0 12.9409 53.6855 
93 65 79 51 107 121 1.2 0 0 0 0 0 12.5914 46.0322 
107 65 79 93 51 121 2.6 0 0 0 0 0 11.7913 37.2109 
121 65 79 93 107 51 6.8 0 0 0 0 0 0.107055 4.96128 
52 66 80 94 108 122 0.6 0 0 0 0 0 13.4737 39.0878 
66 52 80 94 108 122 1.1 0 0 0 0 0 12.9814 54.1019 
80 66 52 94 108 122 0 0 0 0 0 0 12.9345 52.909 
94 66 80 52 108 122 1.4 0 0 0 0 0 12.5198 45.0914 
108 66 80 94 52 122 2.7 0 0 0 0 0 11.6804 36.3032 
122 66 80 94 108 52 6.9 0 0 0 0 0 -0.143508 4.22045 
53 67 81 95 109 123 0.6 0 0 0 0 0 13.4303 40.0483 
67 53 81 95 109 123 1 0 0 0 0 0 12.9928 54.8541 
81 67 53 95 109 123 0.1 0 0 0 0 0 12.9216 52.1129 
95 67 81 53 109 123 1.5 0 0 0 0 0 12.4406 44.1436 
109 67 81 95 53 123 2.8 0 0 0 0 0 11.5653 35.396 
123 67 81 95 109 53 7 0 0 0 0 0 -0.406507 3.4838 
54 68 82 96 110 124 1.2 0 0 0 0 0 13.3053 47.0086 
68 54 82 96 110 124 1.2 0 0 0 0 0 12.9105 54.061 
82 68 54 96 110 124 0 0 0 0 0 0 12.9205 52.9854 
96 68 82 54 110 124 1.5 0 0 0 0 0 12.4792 44.5642 
110 68 82 96 54 124 2.7 0 0 0 0 0 11.6985 35.9421 
124 68 82 96 110 54 6.8 0 0 0 0 0 0.334308 4.73201 
55 69 83 97 111 125 1.1 0 0 0 0 0 13.2779 48.2906 
69 55 83 97 111 125 1.1 0 0 0 0 0 12.9309 54.8444 
83 69 55 97 111 125 0.1 0 0 0 0 0 12.9062 52.1577 
97 69 83 55 111 125 1.6 0 0 0 0 0 12.3985 43.6197 
111 69 83 97 55 125 2.8 0 0 0 0 0 11.5933 35.0711 
125 69 83 97 111 55 6.9 0 0 0 0 0 0.124007 4.05994 
56 70 84 98 112 126 1.1 0 0 0 0 0 13.2534 49.4353 
70 56 84 98 112 126 0.9 0 0 0 0 0 12.9489 55.6434 
84 70 56 98 112 126 0.3 0 0 0 0 0 12.8849 51.3149 
98 70 84 56 112 126 1.8 0 0 0 0 0 12.3109 42.6721 
112 70 84 98 56 126 3 0 0 0 0 0 11.4856 34.2083 
126 70 84 98 112 56 7 0 0 0 0 0 -0.0961219 3.39612 
57 71 85 99 113 127 1 0 0 0 0 0 13.2314 50.4429 
71 57 85 99 113 127 0.8 0 0 0 0 0 12.9638 56.3722 
85 71 57 99 113 127 0.4 0 0 0 0 0 12.8564 50.4569 
99 71 85 57 113 127 1.9 0 0 0 0 0 12.2164 41.7214 
113 71 85 99 57 127 3.1 0 0 0 0 0 11.3755 33.3533 
127 71 85 99 113 57 7 0 0 0 0 0 -0.338706 2.7418 
58 72 86 100 114 128 0.9 0 0 0 0 0 13.2115 51.3129 
72 58 86 100 114 128 0.7 0 0 0 0 0 12.9753 55.7841 
86 72 58 100 114 128 0.6 0 0 0 0 0 12.8203 49.5836 
100 72 86 58 114 128 2.1 0 0 0 0 0 12.115 40.7666 
114 72 86 100 58 128 3.2 0 0 0 0 0 11.2632 32.506 
128 72 86 100 114 58 7.1 0 0 0 0 0 -0.627529 1.07893 
59 73 87 101 115 129 1.3 0 0 0 0 0 13.0696 51.2879 
73 59 87 101 115 129 0.8 0 0 0 0 0 12.9305 56.6951 
87 73 59 101 115 129 0.5 0 0 0 0 0 12.8345 50.232 
101 73 87 59 115 129 2 0 0 0 0 0 12.1774 41.1775 
115 73 87 101 59 129 3.1 0 0 0 0 0 11.4649 33.2329 
129 73 87 101 115 59 6.9 0 0 0 0 0 0.455096 3.78658 
60 74 88 102 116 130 1.3 0 0 0 0 0 13.0661 51.8969 
74 60 88 102 116 130 0.7 0 0 0 0 0 12.9467 56.7923 
88 74 60 102 116 130 0.7 0 0 0 0 0 12.7958 49.3412 
102 74 88 60 116 130 2.1 0 0 0 0 0 12.0776 40.2361 
116 74 88 102 60 130 3.2 0 0 0 0 0 11.369 32.4385 
130 74 88 102 116 60 7 0 0 0 0 0 0.248046 3.22522 
61 75 89 103 117 131 1.2 0 0 0 0 0 13.0639 52.5295 
75 61 89 103 117 131 0.6 0 0 0 0 0 12.9583 56.1251 
89 75 61 103 117 131 0.8 0 0 0 0 0 12.7495 48.4393 
103 75 89 61 117 131 2.3 0 0 0 0 0 11.972 39.2936 
117 75 89 103 61 131 3.3 0 0 0 0 0 11.2728 31.6543 
131 75 89 103 117 61 7 0 0 0 0 0 -0.0169117 0.105752 
62 76 90 104 118 132 1.1 0 0 0 0 0 13.0623 53.1862 
76 62 90 104 118 132 0.4 0 0 0 0 0 12.965 55.4343 
90 76 62 104 118 132 1 0 0 0 0 0 12.6955 47.5264 
104 76 90 62 118 132 2.4 0 0 0 0 0 11.8606 38.3517 
118 76 90 104 62 132 3.4 0 0 0 0 0 11.1763 30.877 
132 76 90 104 118 62 7.1 0 0 0 0 0 -0.39432 -3.38581 
63 77 91 105 119 133 1.4 0 0 0 0 0 12.9406 52.0733 
77 63 91 105 119 133 0.5 0 0 0 0 0 12.9414 56.6503 
91 77 63 105 119 133 0.9 0 0 0 0 0 12.7186 48.0322 
105 77 91 63 119 133 2.4 0 0 0 0 0 11.9487 38.7926 
119 77 91 105 63 133 3.2 0 0 0 0 0 11.4475 31.8162 
133 77 91 105 119 63 6.8 0 0 0 0 0 1.13588 2.37499 
64 78 92 106 120 134 1.3 0 0 0 0 0 12.9526 52.7736 
78 64 92 106 120 134 0.4 0 0 0 0 0 12.9495 55.9151 
92 78 64 106 120 134 1.1 0 0 0 0 0 12.6619 47.1111 
106 78 92 64 120 134 2.5 0 0 0 0 0 11.8423 37.8767 
120 78 92 106 64 134 3.3 0 0 0 0 0 11.3728 31.1031 
134 78 92 106 120 64 6.9 0 0 0 0 0 0.871895 -1.00601 
65 79 93 107 121 135 1.2 0 0 0 0 0 12.9642 53.4934 
79 65 93 107 121 135 0.3 0 0 0 0 0 12.952 55.1608 
93 79 65 107 121 135 1.2 0 0 0 0 0 12.5978 46.1798 
107 79 93 65 121 135 2.6 0 0 0 0 0 11.7315 36.9653 
121 79 93 107 65 135 3.4 0 0 0 0 0 11.2997 30.4052 
135 79 93 107 121 65 6.9 0 0 0 0 0 0.454706 -4.38537 
66 80 94 108 122 136 1 0 0 0 0 0 12.9748 54.2307 
80 66 94 108 122 136 0 0 0 0 0 0 12.9483 54.3873 
94 80 66 108 122 136 1.4 0 0 0 0 0 12.526 45.2392 
108 80 94 66 122 136 2.8 0 0 0 0 0 11.6166 36.0584 
122 80 94 108 66 136 3.5 0 0 0 0 0 11.2285 29.7216 
136 80 94 108 122 66 7 0 0 0 0 0 -0.224332 -7.76622 
67 81 95 109 123 137 0.9 0 0 0 0 0 12.984 54.9845 
81 67 95 109 123 137 0 0 0 0 0 0 12.9382 53.5944 
95 81 67 109 123 137 1.5 0 0 0 0 0 12.4467 44.2914 
109 81 95 67 123 137 2.9 0 0 0 0 0 11.4975 35.1519 
123 81 95 109 67 137 3.6 0 0 0 0 0 11.1592 29.0519 
137 81 95 109 123 67 7 0 0 0 0 0 -1.30277 -11.1533 
68 82 96 110 124 138 1.1 0 0 0 0 0 12.9051 54.1713 
82 68 96 110 124 138 0 0 0 0 0 0 12.9358 54.4813 
96 82 68 110 124 138 1.5 0 0 0 0 0 12.4863 44.7245 
110 82 96 68 124 138 2.8 0 0 0 0 0 11.6349 35.7048 
124 82 96 110 68 138 3.3 0 0 0 0 0 11.5396 30.3382 
138 82 96 110 124 68 6.7 0 0 0 0 0 1.63975 -4.81888 
69 83 97 111 125 139 1 0 0 0 0 0 12.9233 54.9543 
83 69 97 111 125 139 0.1 0 0 0 0 0 12.9245 53.659 
97 83 69 111 125 139 1.6 0 0 0 0 0 12.4059 43.7818 
111 83 97 69 125 139 2.9 0 0 0 0 0 11.5263 34.8361 
125 83 97 111 69 139 3.4 0 0 0 0 0 11.499 29.7497 
139 83 97 111 125 69 6.7 0 0 0 0 0 0.842726 -8.01429 
70 84 98 112 126 140 0.9 0 0 0 0 0 12.9388 55.7529 
84 70 98 112 126 140 0.2 0 0 0 0 0 12.9064 52.8218 
98 84 70 112 126 140 1.8 0 0 0 0 0 12.3185 42.8359 
112 84 98 70 126 140 3 0 0 0 0 0 11.4153 33.9755 
126 84 98 112 70 140 3.5 0 0 0 0 0 11.4621 29.1788 
140 84 98 112 126 70 6.7 0 0 0 0 0 -0.382352 -11.1943 
71 85 99 113 127 141 0.8 0 0 0 0 0 12.9513 56.5671 
85 71 99 113 127 141 0.4 0 0 0 0 0 12.8811 51.9695 
99 85 71 113 127 141 1.9 0 0 0 0 0 12.2243 41.8869 
113 85 99 71 127 141 3.2 0 0 0 0 0 11.302 33.1227 
127 85 99 113 71 141 3.6 0 0 0 0 0 11.4291 28.6216 
141 85 99 113 127 71 77 0 0 0 0 0 -2.10143 -12.6051 
72 86 100 114 128 142 0.9 0 0 0 0 0 12.9003 55.9508 
86 72 100 114 128 142 0.3 0 0 0 0 0 12.8894 52.637 
100 86 72 114 128 142 1.9 0 0 0 0 0 12.28 42.2921 
114 86 100 72 128 142 3 0 0 0 0 0 11.4915 33.8137 
128 86 100 114 72 142 3.2 0 0 0 0 0 11.9065 30.3009 
142 86 100 114 128 72 6.3 0 0 0 0 0 2.51261 -6.96847 
73 87 101 115 129 143 0.8 0 0 0 0 0 12.918 56.7851 
87 73 101 115 129 143 0.5 0 0 0 0 0 12.8617 51.765 
101 87 73 115 129 143 2 0 0 0 0 0 12.1868 41.3573 
115 87 101 73 129 143 3.1 0 0 0 0 0 11.3936 33.0112 
129 87 101 115 73 143 3.3 0 0 0 0 0 11.9062 29.8407 
143 87 101 115 129 73 6.3 0 0 0 0 0 1.2632 -9.8858 
74 88 102 116 130 144 0.7 0 0 0 0 0 12.9316 57.631 
88 74 102 116 130 144 0.6 0 0 0 0 0 12.8267 50.8821 
102 88 74 116 130 144 2.1 0 0 0 0 0 12.0877 40.4219 
116 88 102 74 130 144 3.3 0 0 0 0 0 11.2952 32.2204 
130 88 102 116 74 144 3.3 0 0 0 0 0 11.9113 29.3986 
144 88 102 116 130 74 77 0 0 0 0 0 -0.408312 -10.3703 
75 89 103 117 131 145 0.5 0 0 0 0 0 12.9405 58.4887 
89 75 103 117 131 145 0.8 0 0 0 0 0 12.7843 49.9883 
103 89 75 117 131 145 2.3 0 0 0 0 0 11.9829 39.4826 
117 89 103 75 131 145 3.4 0 0 0 0 0 11.1966 31.44 
131 89 103 117 75 145 3.4 0 0 0 0 0 11.9217 28.9762 
145 89 103 117 131 75 77 0 0 0 0 0 -2.4572 -10.3214 
76 90 104 118 132 146 0.4 0 0 0 0 0 12.9444 59.358 
90 76 104 118 132 146 0.9 0 0 0 0 0 12.7342 49.0836 
104 90 76 118 132 146 2.4 0 0 0 0 0 11.8723 38.5439 
118 90 104 76 132 146 3.5 0 0 0 0 0 11.0979 30.666 
132 90 104 118 76 146 3.4 0 0 0 0 0 11.9373 28.5723 
146 90 104 118 132 76 77.1 0 0 0 0 0 -4.79823 -10.3942 
77 91 105 119 133 147 0.5 0 0 0 0 0 12.9229 58.8745 
91 77 105 119 133 147 0.9 0 0 0 0 0 12.7567 49.6026 
105 91 77 119 133 147 2.3 0 0 0 0 0 11.9615 38.9961 
119 91 105 77 133 147 3.3 0 0 0 0 0 11.375 31.6099 
133 91 105 119 77 147 2.9 0 0 0 0 0 12.5328 30.8679 
147 91 105 119 133 77 77 0 0 0 0 0 2.74318 -7.3769 
78 92 106 120 134 148 0.4 0 0 0 0 0 12.9285 59.7512 
92 78 106 120 134 148 1 0 0 0 0 0 12.7042 48.6915 
106 92 78 120 134 148 2.5 0 0 0 0 0 11.8563 38.085 
120 92 106 78 134 148 3.4 0 0 0 0 0 11.2985 30.9018 
134 92 106 120 78 148 2.9 0 0 0 0 0 12.5832 30.5808 
148 92 106 120 134 78 77 0 0 0 0 0 1.05621 -7.25365 
79 93 107 121 135 149 0.2 0 0 0 0 0 12.9282 60.6357 
93 79 107 121 135 149 1.2 0 0 0 0 0 12.6444 47.7736 
107 93 79 121 135 149 2.6 0 0 0 0 0 11.7467 37.1783 
121 93 107 79 135 149 3.5 0 0 0 0 0 11.2239 30.2087 
135 93 107 121 79 149 2.9 0 0 0 0 0 12.6394 30.3163 
149 93 107 121 135 79 77.1 0 0 0 0 0 -0.868663 -8.55258 
80 94 108 122 136 150 0 0 0 0 0 0 12.9217 61.5282 
94 80 108 122 136 150 1.3 0 0 0 0 0 12.5771 46.8437 
108 94 80 122 136 150 2.7 0 0 0 0 0 11.633 36.2759 
122 94 108 80 136 150 3.6 0 0 0 0 0 11.1513 29.5298 
136 94 108 122 80 150 2.9 0 0 0 0 0 12.701 30.0725 
150 94 108 122 136 80 77.2 0 0 0 0 0 -2.96818 -10.6815 
81 95 109 123 137 151 0.2 0 0 0 0 0 12.9156 61.1189 
95 81 109 123 137 151 1.3 0 0 0 0 0 12.6105 47.2813 
109 95 81 123 137 151 2.6 0 0 0 0 0 11.7582 36.8048 
123 95 109 81 137 151 3.3 0 0 0 0 0 11.5133 30.7548 
137 95 109 123 81 151 2.1 0 0 0 0 0 13.3172 29.1864 
151 95 109 123 137 81 19 0 0 0 0 0 6.55807 -3.98382 
82 96 110 124 138 152 0 0 0 0 0 0 12.9084 62.01 
96 82 110 124 138 152 1.4 0 0 0 0 0 12.5417 46.3534 
110 96 82 124 138 152 2.8 0 0 0 0 0 11.6539 35.9397 
124 96 110 82 138 152 3.4 0 0 0 0 0 11.4681 30.154 
138 96 110 124 82 152 2.1 0 0 0 0 0 13.4038 27.2155 
152 96 110 124 138 82 77.1 0 0 0 0 0 5.29914 -5.36648 
83 97 111 125 139 153 0.1 0 0 0 0 0 12.8945 62.9052 
97 83 111 125 139 153 1.5 0 0 0 0 0 12.4662 45.4225 
111 97 83 125 139 153 2.9 0 0 0 0 0 11.547 35.0789 
125 97 111 83 139 153 3.5 0 0 0 0 0 11.4267 29.5715 
139 97 111 125 83 153 2.1 0 0 0 0 0 13.4938 25.1433 
153 97 111 125 139 83 77.2 0 0 0 0 0 3.87462 -6.8435 
84 98 112 126 140 154 0.3 0 0 0 0 0 12.8737 62.0834 
98 84 112 126 140 154 1.7 0 0 0 0 0 12.3839 44.4885 
112 98 84 126 140 154 3 0 0 0 0 0 11.4378 34.2243 
126 98 112 84 140 154 3.6 0 0 0 0 0 11.3891 29.0065 
140 98 112 126 84 154 2 0 0 0 0 0 13.5849 22.972 
154 98 112 126 140 84 77.3 0 0 0 0 0 2.31438 -8.41985 
85 99 113 127 141 155 0.4 0 0 0 0 0 12.8457 61.2045 
99 85 113 127 141 155 1.8 0 0 0 0 0 12.2949 43.5513 
113 99 85 127 141 155 3.1 0 0 0 0 0 11.3264 33.3773 
127 99 113 85 141 155 3.6 0 0 0 0 0 11.3554 28.4555 
141 99 113 127 85 155 2 0 0 0 0 0 13.6733 20.7034 
155 99 113 127 141 85 77.3 0 0 0 0 0 0.643724 -10.1012 
86 100 114 128 142 156 0.3 0 0 0 0 0 12.8561 61.9472 
100 86 114 128 142 156 1.8 0 0 0 0 0 12.3502 43.9698 
114 100 86 128 142 156 3 0 0 0 0 0 11.5164 34.0784 
128 100 114 86 142 156 3.3 0 0 0 0 0 11.8411 30.1321 
142 100 114 128 86 156 0.5 0 0 0 0 0 13.9921 17.2824 
156 100 114 128 142 86 5.4 0 0 0 0 0 12.3139 -1.25998 
87 101 115 129 143 157 0.5 0 0 0 0 0 12.8259 61.0488 
101 87 115 129 143 157 1.9 0 0 0 0 0 12.2625 43.0483 
115 101 87 129 143 157 3.1 0 0 0 0 0 11.4206 33.2832 
129 101 115 87 143 157 3.3 0 0 0 0 0 11.8407 29.68 
143 101 115 129 87 157 0.4 0 0 0 0 0 14.0505 15.6546 
157 101 115 129 143 87 6.7 0 0 0 0 0 11.7737 -1.69615 
88 102 116 130 144 158 0.6 0 0 0 0 0 12.7883 60.1388 
102 88 116 130 144 158 2.1 0 0 0 0 0 12.169 42.1275 
116 102 88 130 144 158 3.2 0 0 0 0 0 11.3245 32.4997 
130 102 116 88 144 158 3.4 0 0 0 0 0 11.8457 29.245 
144 102 116 130 88 158 0.3 0 0 0 0 0 14.0897 13.9566 
158 102 116 130 144 88 8.5 0 0 0 0 0 11.1393 -2.22548 
89 103 117 131 145 159 0.8 0 0 0 0 0 12.7433 59.217 
103 89 117 131 145 159 2.2 0 0 0 0 0 12.0699 41.2074 
117 103 89 131 145 159 3.3 0 0 0 0 0 11.2282 31.7274 
131 103 117 89 145 159 3.4 0 0 0 0 0 11.8561 28.8294 
145 103 117 131 89 159 0.1 0 0 0 0 0 14.0979 12.1897 
159 103 117 131 145 89 10.9 0 0 0 0 0 10.4067 -2.85883 
90 104 118 132 146 160 1 0 0 0 0 0 12.6906 58.2835 
104 90 118 132 146 160 2.3 0 0 0 0 0 11.9653 40.284 
118 104 90 132 146 160 3.4 0 0 0 0 0 11.1318 30.9629 
132 104 118 90 146 160 3.5 0 0 0 0 0 11.8715 28.432 
146 104 118 132 90 160 0 0 0 0 0 0 14.0569 10.3551 
160 104 118 132 146 90 15.4 0 0 0 0 0 9.57126 -3.60723 
91 105 119 133 147 161 1.1 0 0 0 0 0 12.6302 57.3382 
105 91 119 133 147 161 2.5 0 0 0 0 0 11.8552 39.3588 
119 105 91 133 147 161 3.6 0 0 0 0 0 11.0354 30.2062 
133 105 119 91 147 161 3.5 0 0 0 0 0 11.8915 28.0512 
147 105 119 133 91 161 0.2 0 0 0 0 0 13.9394 8.45311 
161 105 119 133 147 91 153.3 0 0 0 0 0 8.62732 -4.48228 
92 106 120 134 148 162 1.3 0 0 0 0 0 12.5618 56.3811 
106 92 120 134 148 162 2.6 0 0 0 0 0 11.7397 38.4338 
120 106 92 134 148 162 3.7 0 0 0 0 0 10.939 29.459 
134 106 120 92 148 162 3.6 0 0 0 0 0 11.9152 27.6853 
148 106 120 134 92 162 0.3 0 0 0 0 0 13.7062 6.48359 
162 106 120 134 148 92 150.2 0 0 0 0 0 7.56739 -5.49586 
93 107 121 135 149 163 1.4 0 0 0 0 0 12.4852 55.4121 
107 93 121 135 149 163 2.8 0 0 0 0 0 11.6189 37.5088 
121 107 93 135 149 163 3.8 0 0 0 0 0 10.8428 28.7207 
135 107 121 93 149 163 3.6 0 0 0 0 0 11.9414 27.3325 
149 107 121 135 93 163 0.5 0 0 0 0 0 13.3042 4.44572 
163 107 121 135 149 93 148.1 0 0 0 0 0 6.38188 -6.66041 
94 108 122 136 150 164 1.6 0 0 0 0 0 12.4004 54.4313 
108 94 122 136 150 164 2.9 0 0 0 0 0 11.4928 36.5836 
122 108 94 136 150 164 3.9 0 0 0 0 0 10.7466 27.9906 
136 108 122 94 150 164 3.6 0 0 0 0 0 11.9673 24.6236 
150 108 122 136 94 164 0.6 0 0 0 0 0 12.669 2.33773 
164 108 122 136 150 94 146.6 0 0 0 0 0 5.05882 -7.98853 
95 109 123 137 151 165 1.7 0 0 0 0 0 12.3071 53.4386 
109 95 123 137 151 165 3 0 0 0 0 0 11.3613 35.6579 
123 109 95 137 151 165 4 0 0 0 0 0 10.6502 27.2676 
137 109 123 95 151 165 3.7 0 0 0 0 0 11.988 21.3933 
151 109 123 137 95 165 0.8 0 0 0 0 0 11.7358 0.156771 
165 109 123 137 151 95 145.4 0 0 0 0 0 3.58376 -9.49342 
96 110 124 138 152 166 1.9 0 0 0 0 0 12.2051 52.4286 
110 96 124 138 152 166 3.2 0 0 0 0 0 11.2246 34.7295 
124 110 96 138 152 166 4.1 0 0 0 0 0 10.5536 26.5457 
138 110 124 96 152 166 3.7 0 0 0 0 0 11.9932 18.0418 
152 110 124 138 96 166 132.1 0 0 0 0 0 10.4563 -2.10072 
166 110 124 138 152 96 144.3 0 0 0 0 0 1.93986 -11.1888 
97 111 125 139 153 167 2 0 0 0 0 0 12.0943 51.4063 
111 97 125 139 153 167 3.3 0 0 0 0 0 11.0825 33.7957 
125 111 97 139 153 167 4.2 0 0 0 0 0 10.4563 25.8287 
139 111 125 97 153 167 3.7 0 0 0 0 0 11.9615 14.5698 
153 111 125 139 97 167 131.5 0 0 0 0 0 8.81542 -4.43964 
167 111 125 139 153 97 143.5 0 0 0 0 0 0.108131 -13.089 
98 112 126 140 154 168 2.2 0 0 0 0 0 11.9745 50.372 
112 98 126 140 154 168 3.4 0 0 0 0 0 10.935 32.8603 
126 112 98 140 154 168 4.3 0 0 0 0 0 10.358 25.1157 
140 112 126 98 154 168 3.8 0 0 0 0 0 11.8478 10.9775 
154 112 126 140 98 168 131.1 0 0 0 0 0 6.83415 -6.86618 
168 112 126 140 154 98 142.8 0 0 0 0 0 -1.93221 -15.2087 
99 113 127 141 155 169 2.4 0 0 0 0 0 11.8454 49.3257 
113 99 127 141 155 169 3.6 0 0 0 0 0 10.7819 31.9228 
127 113 99 141 155 169 4.3 0 0 0 0 0 10.2579 24.4051 
141 113 127 99 155 169 3.8 0 0 0 0 0 11.5594 7.26502 
155 113 127 141 99 169 130.7 0 0 0 0 0 4.5569 -9.38739 
169 113 127 141 155 99 142.2 0 0 0 0 0 -4.20329 -17.5637 
100 114 128 142 156 170 2.5 0 0 0 0 0 11.7069 48.2673 
114 100 128 142 156 170 3.7 0 0 0 0 0 10.623 30.9828 
128 114 100 142 156 170 4.4 0 0 0 0 0 10.1547 23.6955 
142 114 128 100 156 170 3.9 0 0 0 0 0 10.9221 3.43086 
156 114 128 142 100 170 130.3 0 0 0 0 0 2.03286 -12.012 
170 114 128 142 156 100 141.6 0 0 0 0 0 -6.72817 -20.1709 
101 115 129 143 157 171 2.7 0 0 0 0 0 11.5586 47.1967 
115 101 129 143 157 171 3.8 0 0 0 0 0 10.4583 30.0395 
129 115 101 143 157 171 4.5 0 0 0 0 0 10.0458 22.9821 
143 115 129 101 157 171 3.9 0 0 0 0 0 9.67106 -0.525904 
157 115 129 143 101 171 130 0 0 0 0 0 -0.697628 -14.7498 
171 115 129 143 157 101 141.2 0 0 0 0 0 -9.53045 -23.0484 
102 116 130 144 158 172 2.8 0 0 0 0 0 11.4004 46.1139 
116 102 130 144 158 172 4 0 0 0 0 0 10.2874 29.0887 
130 116 102 144 158 172 4.6 0 0 0 0 0 9.92578 21.4839 
144 116 130 102 158 172 111.4 0 0 0 0 0 7.54952 -4.60791 
158 116 130 144 102 172 129.7 0 0 0 0 0 -3.60829 -17.6122 
172 116 130 144 158 102 140.8 0 0 0 0 0 -12.6341 -26.2157 
103 117 131 145 159 173 3 0 0 0 0 0 11.232 45.0187 
117 103 131 145 159 173 4.1 0 0 0 0 0 10.1099 28.1305 
131 117 103 145 159 173 4.7 0 0 0 0 0 9.78172 17.1589 
145 117 131 103 159 173 111.3 0 0 0 0 0 4.50189 -8.81815 
159 117 131 145 103 173 129.4 0 0 0 0 0 -6.68665 -20.6122 
173 117 131 145 159 103 140.4 0 0 0 0 0 -16.0637 -29.6946 
104 118 132 146 160 174 3.2 0 0 0 0 0 11.0531 43.9109 
118 104 132 146 160 174 4.2 0 0 0 0 0 9.9254 27.1667 
132 118 104 146 160 174 4.8 0 0 0 0 0 9.58251 12.6968 
146 118 132 104 160 174 111.3 0 0 0 0 0 0.713119 -13.1612 
160 118 132 146 104 174 129.2 0 0 0 0 0 -9.9315 -23.7651 
174 118 132 146 160 104 140.1 0 0 0 0 0 -19.8449 -33.5092 
105 119 133 147 161 175 3.3 0 0 0 0 0 10.8633 42.7881 
119 105 133 147 161 175 4.4 0 0 0 0 0 9.73305 26.1962 
133 119 105 147 161 175 4.9 0 0 0 0 0 9.25222 8.09793 
147 119 133 105 161 175 111.3 0 0 0 0 0 -3.56769 -17.642 
161 119 133 147 105 175 129 0 0 0 0 0 -13.3504 -27.0875 
175 119 133 147 161 105 139.9 0 0 0 0 0 -24.0053 -37.6872 
106 120 134 148 162 176 3.5 0 0 0 0 0 10.6623 41.6475 
120 106 134 148 162 176 4.5 0 0 0 0 0 9.53152 25.2182 
134 120 106 148 162 176 5 0 0 0 0 0 8.61476 3.36146 
148 120 134 106 162 176 111.3 0 0 0 0 0 -8.16514 -22.2672 
162 120 134 148 106 176 128.8 0 0 0 0 0 -16.9578 -30.5993 
176 120 134 148 162 106 139.6 0 0 0 0 0 -28.5757 -42.2607 
107 121 135 149 163 177 3.7 0 0 0 0 0 10.4497 40.4933 
121 107 135 149 163 177 4.6 0 0 0 0 0 9.31816 24.229 
135 121 107 149 163 177 5.1 0 0 0 0 0 7.3256 -1.51368 
149 121 135 107 163 177 111.3 0 0 0 0 0 -12.99 -27.0447 
163 121 135 149 107 177 128.6 0 0 0 0 0 -20.7743 -34.324 
177 121 135 149 163 107 139.4 0 0 0 0 0 -33.5921 -47.2671 
108 122 136 150 164 178 3.8 0 0 0 0 0 10.2251 39.3251 
122 108 136 150 164 178 4.8 0 0 0 0 0 9.087 21.1312 
136 122 108 150 164 178 95.4 0 0 0 0 0 4.94069 -6.53034 
150 122 136 108 164 178 111.3 0 0 0 0 0 -18.0072 -31.984 
164 122 136 150 108 178 128.4 0 0 0 0 0 -24.8268 -38.2894 
178 122 136 150 164 108 139.3 0 0 0 0 0 -39.0979 -52.7522 
109 123 137 151 165 179 4 0 0 0 0 0 9.9877 38.1426 
123 109 137 151 165 179 4.9 0 0 0 0 0 8.82368 16.4512 
137 123 109 151 165 179 95.5 0 0 0 0 0 1.27888 -11.6902 
151 123 137 109 165 179 111.4 0 0 0 0 0 -23.2092 -37.0967 
165 123 137 151 109 179 128.3 0 0 0 0 0 -29.1501 -42.5309 
179 123 137 151 165 109 139.1 0 0 0 0 0 -45.1474 -58.7717 
