30 44 58 72 86 100 10.5 0 0 0 0 0 -14.4267 -4.73131 
44 30 58 72 86 100 0.4 0 0 0 0 0 -9.23511 19.8034 
58 44 30 72 86 100 1.4 0 0 0 0 0 -9.9414 50.6684 
72 44 58 30 86 100 0.9 0 0 0 0 0 -10.1245 55.6721 
86 44 58 72 30 100 0.3 0 0 0 0 0 -10.1918 51.2031 
100 44 58 72 86 30 5.4 0 0 0 0 0 -18.5788 19.1575 
31 45 59 73 87 101 9.3 0 0 0 0 0 -13.8596 -4.15336 
45 31 59 73 87 101 0.4 0 0 0 0 0 -9.28412 20.906 
59 45 31 73 87 101 1.3 0 0 0 0 0 -9.9469 51.2446 
73 45 59 31 87 101 0.8 0 0 0 0 0 -10.1064 55.8484 
87 45 59 73 31 101 0.4 0 0 0 0 0 -10.2162 50.3298 
101 45 59 73 87 31 5.5 0 0 0 0 0 -18.8574 18.2891 
32 46 60 74 88 102 8.3 0 0 0 0 0 -13.3613 -3.64197 
46 32 60 74 88 102 0.3 0 0 0 0 0 -9.33491 21.9259 
60 46 32 74 88 102 1.3 0 0 0 0 0 -9.95066 51.844 
74 46 60 32 88 102 0.7 0 0 0 0 0 -10.0924 55.211 
88 46 60 74 32 102 0.6 0 0 0 0 0 -10.2481 49.4457 
102 46 60 74 88 32 5.6 0 0 0 0 0 -19.1366 17.4246 
33 47 61 75 89 103 7.5 0 0 0 0 0 -12.9257 -3.19112 
47 33 61 75 89 103 0.3 0 0 0 0 0 -9.38653 22.862 
61 47 33 75 89 103 1.2 0 0 0 0 0 -9.95308 52.467 
75 47 61 33 89 103 0.5 0 0 0 0 0 -10.0829 54.5502 
89 47 61 75 33 103 0.7 0 0 0 0 0 -10.2876 48.5506 
103 47 61 75 89 33 5.7 0 0 0 0 0 -19.4166 16.5638 
34 48 62 76 90 104 6.7 0 0 0 0 0 -12.5472 -2.79533 
48 34 62 76 90 104 0.3 0 0 0 0 0 -9.43832 23.7139 
62 48 34 76 90 104 1.1 0 0 0 0 0 -9.95461 52.5127 
76 48 62 34 90 104 0.4 0 0 0 0 0 -10.0782 53.8657 
90 48 62 76 34 104 0.9 0 0 0 0 0 -10.3349 47.6445 
104 48 62 76 90 34 5.8 0 0 0 0 0 -19.6972 15.7066 
35 49 63 77 91 105 6.1 0 0 0 0 0 -12.2204 -2.44921 
49 35 63 77 91 105 0.3 0 0 0 0 0 -9.48988 24.4802 
63 49 35 77 91 105 1 0 0 0 0 0 -9.95571 52.2454 
77 49 63 35 91 105 0.2 0 0 0 0 0 -10.0789 53.1573 
91 49 63 77 35 105 1 0 0 0 0 0 -10.39 46.7228 
105 49 63 77 91 35 5.9 0 0 0 0 0 -19.9786 14.8492 
36 50 64 78 92 106 5.5 0 0 0 0 0 -11.9402 -2.14771 
50 36 64 78 92 106 0.7 0 0 0 0 0 -9.43307 35.6847 
64 50 36 78 92 106 1.3 0 0 0 0 0 -10.0638 52.7375 
78 50 64 36 92 106 0.4 0 0 0 0 0 -10.0941 54.3112 
92 50 64 78 36 106 1 0 0 0 0 0 -10.3654 47.2123 
106 50 64 78 92 36 6 0 0 0 0 0 -20.2611 13.9932 
37 51 65 79 93 107 5 0 0 0 0 0 -11.702 -1.88629 
51 37 65 79 93 107 0.7 0 0 0 0 0 -9.48214 36.9109 
65 51 37 79 93 107 1.2 0 0 0 0 0 -10.0522 53.4513 
79 51 65 37 93 107 0.2 0 0 0 0 0 -10.0939 53.5589 
93 51 65 79 37 107 1.1 0 0 0 0 0 -10.4233 46.2823 
107 51 65 79 93 37 6.1 0 0 0 0 0 -20.5449 13.1404 
38 52 66 80 94 108 4.6 0 0 0 0 0 -11.5015 -1.66088 
52 38 66 80 94 108 0.7 0 0 0 0 0 -9.5279 38.0224 
66 52 38 80 94 108 1 0 0 0 0 0 -10.0415 54.1836 
80 52 66 38 94 108 0 0 0 0 0 0 -10.0999 52.7873 
94 52 66 80 38 108 1.3 0 0 0 0 0 -10.4888 45.3453 
108 52 66 80 94 38 6.1 0 0 0 0 0 -20.8304 12.2903 
39 53 67 81 95 109 4.2 0 0 0 0 0 -11.3347 -1.46714 
53 39 67 81 95 109 0.6 0 0 0 0 0 -9.57055 39.0185 
67 53 39 81 95 109 0.9 0 0 0 0 0 -10.0321 54.2489 
81 53 67 39 95 109 0.1 0 0 0 0 0 -10.1123 51.9962 
95 53 67 81 39 109 1.4 0 0 0 0 0 -10.5621 44.4012 
109 53 67 81 95 39 6.2 0 0 0 0 0 -21.1183 11.4429 
40 54 68 82 96 110 3.9 0 0 0 0 0 -11.1978 -1.30197 
54 40 68 82 96 110 0.6 0 0 0 0 0 -9.61037 39.8984 
68 54 40 82 96 110 0.8 0 0 0 0 0 -10.0244 53.7907 
82 54 68 40 96 110 0.2 0 0 0 0 0 -10.1315 51.1856 
96 54 68 82 40 110 1.6 0 0 0 0 0 -10.643 43.45 
110 54 68 82 96 40 6.3 0 0 0 0 0 -21.4098 10.5952 
41 55 69 83 97 111 3.6 0 0 0 0 0 -11.0877 -1.16171 
55 41 69 83 97 111 1.2 0 0 0 0 0 -9.74135 47.9141 
69 55 41 83 97 111 1 0 0 0 0 0 -10.0919 54.934 
83 55 69 41 97 111 0.1 0 0 0 0 0 -10.1276 52.0264 
97 55 69 83 41 111 1.5 0 0 0 0 0 -10.6011 43.872 
111 55 69 83 97 41 6.4 0 0 0 0 0 -21.7067 9.74654 
42 56 70 84 98 112 3.4 0 0 0 0 0 -11.0013 -1.04378 
56 42 70 84 98 112 1.1 0 0 0 0 0 -9.76487 49.1136 
70 56 42 84 98 112 0.9 0 0 0 0 0 -10.0761 55.4933 
84 56 70 42 98 112 0.3 0 0 0 0 0 -10.1484 51.1868 
98 56 70 84 42 112 1.7 0 0 0 0 0 -10.683 42.9266 
112 56 70 84 98 42 6.5 0 0 0 0 0 -22.0117 8.01038 
43 57 71 85 99 113 3.2 0 0 0 0 0 -10.936 -0.945362 
57 43 71 85 99 113 1.1 0 0 0 0 0 -9.78568 49.8051 
71 57 43 85 99 113 0.8 0 0 0 0 0 -10.0634 54.9364 
85 57 71 43 99 113 0.4 0 0 0 0 0 -10.1765 50.3321 
99 57 71 85 43 113 1.8 0 0 0 0 0 -10.772 41.9782 
113 57 71 85 99 43 6.5 0 0 0 0 0 -22.3299 5.79244 
44 58 72 86 100 114 3 0 0 0 0 0 -10.8894 -0.86444 
58 44 72 86 100 114 1 0 0 0 0 0 -9.80417 49.7596 
72 58 44 86 100 114 0.6 0 0 0 0 0 -10.0541 54.351 
86 58 72 44 100 114 0.6 0 0 0 0 0 -10.212 49.4621 
100 58 72 86 44 114 2 0 0 0 0 0 -10.868 41.0257 
114 58 72 86 100 44 6.6 0 0 0 0 0 -22.6692 3.42346 
45 59 73 87 101 115 0.5 0 0 0 0 0 -9.35308 23.6498 
59 45 73 87 101 115 1.4 0 0 0 0 0 -9.95522 51.1503 
73 59 45 87 101 115 0.8 0 0 0 0 0 -10.0959 55.9819 
87 59 73 45 101 115 0.5 0 0 0 0 0 -10.1985 50.0951 
101 59 73 87 45 115 1.9 0 0 0 0 0 -10.8087 41.429 
115 59 73 87 101 45 6.6 0 0 0 0 0 -22.1417 7.95316 
46 60 74 88 102 116 0.5 0 0 0 0 0 -9.40509 24.7375 
60 46 74 88 102 116 1.3 0 0 0 0 0 -9.95725 51.7557 
74 60 46 88 102 116 0.6 0 0 0 0 0 -10.0822 55.3382 
88 60 74 46 102 116 0.7 0 0 0 0 0 -10.2368 49.2058 
102 60 74 88 46 116 2.1 0 0 0 0 0 -10.9034 40.4883 
116 60 74 88 102 46 6.6 0 0 0 0 0 -22.4138 7.14585 
47 61 75 89 103 117 0.4 0 0 0 0 0 -9.45753 25.7368 
61 47 75 89 103 117 1.2 0 0 0 0 0 -9.95792 52.3849 
75 61 47 89 103 117 0.5 0 0 0 0 0 -10.073 54.6709 
89 61 75 47 103 117 0.8 0 0 0 0 0 -10.2827 48.3055 
103 61 75 89 47 117 2.2 0 0 0 0 0 -11.0041 39.5465 
117 61 75 89 103 47 6.7 0 0 0 0 0 -22.6897 6.33767 
48 62 76 90 104 118 0.4 0 0 0 0 0 -9.51001 26.6462 
62 48 76 90 104 118 1.1 0 0 0 0 0 -9.95768 53.0379 
76 62 48 90 104 118 0.4 0 0 0 0 0 -10.0687 53.9798 
90 62 76 48 104 118 1 0 0 0 0 0 -10.3363 47.3941 
104 62 76 90 48 118 2.4 0 0 0 0 0 -11.1106 38.6053 
118 62 76 90 104 48 6.8 0 0 0 0 0 -22.9727 5.5334 
49 63 77 91 105 119 0.4 0 0 0 0 0 -9.56232 27.466 
63 49 77 91 105 119 1 0 0 0 0 0 -9.95701 53.6309 
77 63 49 91 105 119 0.2 0 0 0 0 0 -10.0699 53.2647 
91 63 77 49 105 119 1.1 0 0 0 0 0 -10.3978 46.4669 
105 63 77 91 49 119 2.5 0 0 0 0 0 -11.2229 37.6647 
119 63 77 91 105 49 6.9 0 0 0 0 0 -23.2688 4.73249 
50 64 78 92 106 120 0.7 0 0 0 0 0 -9.45665 36.8152 
64 50 78 92 106 120 1.3 0 0 0 0 0 -10.0707 52.6472 
78 64 50 92 106 120 0.3 0 0 0 0 0 -10.0846 54.4427 
92 64 78 50 106 120 1.1 0 0 0 0 0 -10.3704 46.9659 
106 64 78 92 50 120 2.4 0 0 0 0 0 -11.128 38.123 
120 64 78 92 106 50 6.8 0 0 0 0 0 -22.6739 5.70929 
51 65 79 93 107 121 0.6 0 0 0 0 0 -9.50596 38.01 
65 51 79 93 107 121 1.2 0 0 0 0 0 -10.0572 53.3655 
79 65 51 93 107 121 0.2 0 0 0 0 0 -10.0849 53.6855 
93 65 79 51 107 121 1.2 0 0 0 0 0 -10.4344 46.0322 
107 65 79 93 51 121 2.6 0 0 0 0 0 -11.2346 37.2109 
121 65 79 93 107 51 6.8 0 0 0 0 0 -22.9188 4.96128 
52 66 80 94 108 122 0.6 0 0 0 0 0 -9.55219 39.0878 
66 52 80 94 108 122 1.1 0 0 0 0 0 -10.0445 54.1019 
80 66 52 94 108 122 0 0 0 0 0 0 -10.0914 52.909 
94 66 80 52 108 122 1.4 0 0 0 0 0 -10.506 45.0914 
108 66 80 94 52 122 2.7 0 0 0 0 0 -11.3455 36.3032 
122 66 80 94 108 52 6.9 0 0 0 0 0 -23.1694 4.22045 
53 67 81 95 109 123 0.6 0 0 0 0 0 -9.59557 40.0483 
67 53 81 95 109 123 1 0 0 0 0 0 -10.033 54.8541 
81 67 53 95 109 123 0.1 0 0 0 0 0 -10.1043 52.1129 
95 67 81 53 109 123 1.5 0 0 0 0 0 -10.5853 44.1436 
109 67 81 95 53 123 2.8 0 0 0 0 0 -11.4606 35.396 
123 67 81 95 109 53 7 0 0 0 0 0 -23.4324 3.4838 
54 68 82 96 110 124 1.2 0 0 0 0 0 -9.7205 47.0086 
68 54 82 96 110 124 1.2 0 0 0 0 0 -10.1154 54.061 
82 68 54 96 110 124 0 0 0 0 0 0 -10.1053 52.9854 
96 68 82 54 110 124 1.5 0 0 0 0 0 -10.5467 44.5642 
110 68 82 96 54 124 2.7 0 0 0 0 0 -11.3274 35.9421 
124 68 82 96 110 54 6.8 0 0 0 0 0 -22.6915 4.73201 
55 69 83 97 111 125 1.1 0 0 0 0 0 -9.7479 48.2906 
69 55 83 97 111 125 1.1 0 0 0 0 0 -10.0949 54.8444 
83 69 55 97 111 125 0.1 0 0 0 0 0 -10.1196 52.1577 
97 69 83 55 111 125 1.6 0 0 0 0 0 -10.6273 43.6197 
111 69 83 97 55 125 2.8 0 0 0 0 0 -11.4325 35.0711 
125 69 83 97 111 55 6.9 0 0 0 0 0 -22.9018 4.05994 
56 70 84 98 112 126 1.1 0 0 0 0 0 -9.77241 49.4353 
70 56 84 98 112 126 0.9 0 0 0 0 0 -10.077 55.6434 
84 70 56 98 112 126 0.3 0 0 0 0 0 -10.1409 51.3149 
98 70 84 56 112 126 1.8 0 0 0 0 0 -10.7149 42.6721 
112 70 84 98 56 126 3 0 0 0 0 0 -11.5403 34.2083 
126 70 84 98 112 56 7 0 0 0 0 0 -23.122 3.39612 
57 71 85 99 113 127 1 0 0 0 0 0 -9.79441 50.4429 
71 57 85 99 113 127 0.8 0 0 0 0 0 -10.062 56.3722 
85 71 57 99 113 127 0.4 0 0 0 0 0 -10.1695 50.4569 
99 71 85 57 113 127 1.9 0 0 0 0 0 -10.8094 41.7214 
113 71 85 99 57 127 3.1 0 0 0 0 0 -11.6503 33.3533 
127 71 85 99 113 57 7 0 0 0 0 0 -23.3646 2.7418 
58 72 86 100 114 128 0.9 0 0 0 0 0 -9.81431 51.3129 
72 58 86 100 114 128 0.7 0 0 0 0 0 -10.0505 55.7841 
86 72 58 100 114 128 0.6 0 0 0 0 0 -10.2055 49.5836 
100 72 86 58 114 128 2.1 0 0 0 0 0 -10.9109 40.7666 
114 72 86 100 58 128 3.2 0 0 0 0 0 -11.7627 32.506 
128 72 86 100 114 58 7.1 0 0 0 0 0 -23.6534 1.07893 
59 73 87 101 115 129 1.3 0 0 0 0 0 -9.95629 51.2879 
73 59 87 101 115 129 0.8 0 0 0 0 0 -10.0953 56.6951 
87 73 59 101 115 129 0.5 0 0 0 0 0 -10.1914 50.232 
101 73 87 59 115 129 2 0 0 0 0 0 -10.8485 41.1775 
115 73 87 101 59 129 3.1 0 0 0 0 0 -11.5609 33.2329 
129 73 87 101 115 59 6.9 0 0 0 0 0 -22.5708 3.78658 
60 74 88 102 116 130 1.3 0 0 0 0 0 -9.95973 51.8969 
74 60 88 102 116 130 0.7 0 0 0 0 0 -10.0792 56.7923 
88 74 60 102 116 130 0.7 0 0 0 0 0 -10.2301 49.3412 
102 74 88 60 116 130 2.1 0 0 0 0 0 -10.9482 40.2361 
116 74 88 102 60 130 3.2 0 0 0 0 0 -11.6568 32.4385 
130 74 88 102 116 60 7 0 0 0 0 0 -22.7778 3.22522 
61 75 89 103 117 131 1.2 0 0 0 0 0 -9.96198 52.5295 
75 61 89 103 117 131 0.6 0 0 0 0 0 -10.0676 56.1251 
89 75 61 103 117 131 0.8 0 0 0 0 0 -10.2763 48.4393 
103 75 89 61 117 131 2.3 0 0 0 0 0 -11.0539 39.2936 
117 75 89 103 61 131 3.3 0 0 0 0 0 -11.7531 31.6543 
131 75 89 103 117 61 7 0 0 0 0 0 -23.0428 0.105752 
62 76 90 104 118 132 1.1 0 0 0 0 0 -9.9635 53.1862 
76 62 90 104 118 132 0.4 0 0 0 0 0 -10.0609 55.4343 
90 76 62 104 118 132 1 0 0 0 0 0 -10.3303 47.5264 
104 76 90 62 118 132 2.4 0 0 0 0 0 -11.1652 38.3517 
118 76 90 104 62 132 3.4 0 0 0 0 0 -11.8496 30.877 
132 76 90 104 118 62 7.1 0 0 0 0 0 -23.4202 -3.38581 
63 77 91 105 119 133 1.4 0 0 0 0 0 -10.0853 52.0733 
77 63 91 105 119 133 0.5 0 0 0 0 0 -10.0845 56.6503 
91 77 63 105 119 133 0.9 0 0 0 0 0 -10.3072 48.0322 
105 77 91 63 119 133 2.4 0 0 0 0 0 -11.0771 38.7926 
119 77 91 105 63 133 3.2 0 0 0 0 0 -11.5783 31.8162 
133 77 91 105 119 63 6.8 0 0 0 0 0 -21.89 2.37499 
64 78 92 106 120 134 1.3 0 0 0 0 0 -10.0732 52.7736 
78 64 92 106 120 134 0.4 0 0 0 0 0 -10.0763 55.9151 
92 78 64 106 120 134 1.1 0 0 0 0 0 -10.3639 47.1111 
106 78 92 64 120 134 2.5 0 0 0 0 0 -11.1835 37.8767 
120 78 92 106 64 134 3.3 0 0 0 0 0 -11.6531 31.1031 
134 78 92 106 120 64 6.9 0 0 0 0 0 -22.154 -1.00601 
65 79 93 107 121 135 1.2 0 0 0 0 0 -10.0617 53.4934 
79 65 93 107 121 135 0.3 0 0 0 0 0 -10.0739 55.1608 
93 79 65 107 121 135 1.2 0 0 0 0 0 -10.4281 46.1798 
107 79 93 65 121 135 2.6 0 0 0 0 0 -11.2943 36.9653 
121 79 93 107 65 135 3.4 0 0 0 0 0 -11.7261 30.4052 
135 79 93 107 121 65 6.9 0 0 0 0 0 -22.5711 -4.38537 
66 80 94 108 122 136 1 0 0 0 0 0 -10.051 54.2307 
80 66 94 108 122 136 0 0 0 0 0 0 -10.0776 54.3873 
94 80 66 108 122 136 1.4 0 0 0 0 0 -10.4998 45.2392 
108 80 94 66 122 136 2.8 0 0 0 0 0 -11.4093 36.0584 
122 80 94 108 66 136 3.5 0 0 0 0 0 -11.7974 29.7216 
136 80 94 108 122 66 7 0 0 0 0 0 -23.2502 -7.76622 
67 81 95 109 123 137 0.9 0 0 0 0 0 -10.0419 54.9845 
81 67 95 109 123 137 0 0 0 0 0 0 -10.0876 53.5944 
95 81 67 109 123 137 1.5 0 0 0 0 0 -10.5791 44.2914 
109 81 95 67 123 137 2.9 0 0 0 0 0 -11.5284 35.1519 
123 81 95 109 67 137 3.6 0 0 0 0 0 -11.8667 29.0519 
137 81 95 109 123 67 7 0 0 0 0 0 -24.3286 -11.1533 
68 82 96 110 124 138 1.1 0 0 0 0 0 -10.1208 54.1713 
82 68 96 110 124 138 0 0 0 0 0 0 -10.0901 54.4813 
96 82 68 110 124 138 1.5 0 0 0 0 0 -10.5395 44.7245 
110 82 96 68 124 138 2.8 0 0 0 0 0 -11.3909 35.7048 
124 82 96 110 68 138 3.3 0 0 0 0 0 -11.4862 30.3382 
138 82 96 110 124 68 6.7 0 0 0 0 0 -21.3861 -4.81888 
69 83 97 111 125 139 1 0 0 0 0 0 -10.1026 54.9543 
83 69 97 111 125 139 0.1 0 0 0 0 0 -10.1013 53.659 
97 83 69 111 125 139 1.6 0 0 0 0 0 -10.62 43.7818 
111 83 97 69 125 139 2.9 0 0 0 0 0 -11.4995 34.8361 
125 83 97 111 69 139 3.4 0 0 0 0 0 -11.5269 29.7497 
139 83 97 111 125 69 6.7 0 0 0 0 0 -22.1831 -8.01429 
70 84 98 112 126 140 0.9 0 0 0 0 0 -10.087 55.7529 
84 70 98 112 126 140 0.2 0 0 0 0 0 -10.1195 52.8218 
98 84 70 112 126 140 1.8 0 0 0 0 0 -10.7073 42.8359 
112 84 98 70 126 140 3 0 0 0 0 0 -11.6105 33.9755 
126 84 98 112 70 140 3.5 0 0 0 0 0 -11.5637 29.1788 
140 84 98 112 126 70 6.7 0 0 0 0 0 -23.4082 -11.1943 
71 85 99 113 127 141 0.8 0 0 0 0 0 -10.0746 56.5671 
85 71 99 113 127 141 0.4 0 0 0 0 0 -10.1447 51.9695 
99 85 71 113 127 141 1.9 0 0 0 0 0 -10.8016 41.8869 
113 85 99 71 127 141 3.2 0 0 0 0 0 -11.7238 33.1227 
127 85 99 113 71 141 3.6 0 0 0 0 0 -11.5968 28.6216 
141 85 99 113 127 71 77 0 0 0 0 0 -25.1273 -12.6051 
72 86 100 114 128 142 0.9 0 0 0 0 0 -10.1256 55.9508 
86 72 100 114 128 142 0.3 0 0 0 0 0 -10.1364 52.637 
100 86 72 114 128 142 1.9 0 0 0 0 0 -10.7458 42.2921 
114 86 100 72 128 142 3 0 0 0 0 0 -11.5343 33.8137 
128 86 100 114 72 142 3.2 0 0 0 0 0 -11.1193 30.3009 
142 86 100 114 128 72 6.3 0 0 0 0 0 -20.5132 -6.96847 
73 87 101 115 129 143 0.8 0 0 0 0 0 -10.1078 56.7851 
87 73 101 115 129 143 0.5 0 0 0 0 0 -10.1641 51.765 
101 87 73 115 129 143 2 0 0 0 0 0 -10.839 41.3573 
115 87 101 73 129 143 3.1 0 0 0 0 0 -11.6322 33.0112 
129 87 101 115 73 143 3.3 0 0 0 0 0 -11.1197 29.8407 
143 87 101 115 129 73 6.3 0 0 0 0 0 -21.7627 -9.8858 
74 88 102 116 130 144 0.7 0 0 0 0 0 -10.0943 57.631 
88 74 102 116 130 144 0.6 0 0 0 0 0 -10.1991 50.8821 
102 88 74 116 130 144 2.1 0 0 0 0 0 -10.9381 40.4219 
116 88 102 74 130 144 3.3 0 0 0 0 0 -11.7306 32.2204 
130 88 102 116 74 144 3.3 0 0 0 0 0 -11.1146 29.3986 
144 88 102 116 130 74 77 0 0 0 0 0 -23.4342 -10.3703 
75 89 103 117 131 145 0.5 0 0 0 0 0 -10.0854 58.4887 
89 75 103 117 131 145 0.8 0 0 0 0 0 -10.2416 49.9883 
103 89 75 117 131 145 2.3 0 0 0 0 0 -11.043 39.4826 
117 89 103 75 131 145 3.4 0 0 0 0 0 -11.8292 31.44 
131 89 103 117 75 145 3.4 0 0 0 0 0 -11.1042 28.9762 
145 89 103 117 131 75 77 0 0 0 0 0 -25.4831 -10.3214 
76 90 104 118 132 146 0.4 0 0 0 0 0 -10.0814 59.358 
90 76 104 118 132 146 0.9 0 0 0 0 0 -10.2917 49.0836 
104 90 76 118 132 146 2.4 0 0 0 0 0 -11.1535 38.5439 
118 90 104 76 132 146 3.5 0 0 0 0 0 -11.928 30.666 
132 90 104 118 76 146 3.4 0 0 0 0 0 -11.0886 28.5723 
146 90 104 118 132 76 77.1 0 0 0 0 0 -27.8241 -10.3942 
77 91 105 119 133 147 0.5 0 0 0 0 0 -10.1029 58.8745 
91 77 105 119 133 147 0.9 0 0 0 0 0 -10.2691 49.6026 
105 91 77 119 133 147 2.3 0 0 0 0 0 -11.0643 38.9961 
119 91 105 77 133 147 3.3 0 0 0 0 0 -11.6509 31.6099 
133 91 105 119 77 147 2.9 0 0 0 0 0 -10.493 30.8679 
147 91 105 119 133 77 77 0 0 0 0 0 -20.2827 -7.3769 
78 92 106 120 134 148 0.4 0 0 0 0 0 -10.0974 59.7512 
92 78 106 120 134 148 1 0 0 0 0 0 -10.3216 48.6915 
106 92 78 120 134 148 2.5 0 0 0 0 0 -11.1696 38.085 
120 92 106 78 134 148 3.4 0 0 0 0 0 -11.7273 30.9018 
134 92 106 120 78 148 2.9 0 0 0 0 0 -10.4427 30.5808 
148 92 106 120 134 78 77 0 0 0 0 0 -21.9696 -7.25365 
79 93 107 121 135 149 0.2 0 0 0 0 0 -10.0977 60.6357 
93 79 107 121 135 149 1.2 0 0 0 0 0 -10.3815 47.7736 
107 93 79 121 135 149 2.6 0 0 0 0 0 -11.2791 37.1783 
121 93 107 79 135 149 3.5 0 0 0 0 0 -11.8019 30.2087 
135 93 107 121 79 149 2.9 0 0 0 0 0 -10.3864 30.3163 
149 93 107 121 135 79 77.1 0 0 0 0 0 -23.8945 -8.55258 
80 94 108 122 136 150 0 0 0 0 0 0 -10.1041 61.5282 
94 80 108 122 136 150 1.3 0 0 0 0 0 -10.4487 46.8437 
108 94 80 122 136 150 2.7 0 0 0 0 0 -11.3928 36.2759 
122 94 108 80 136 150 3.6 0 0 0 0 0 -11.8746 29.5298 
136 94 108 122 80 150 2.9 0 0 0 0 0 -10.3249 30.0725 
150 94 108 122 136 80 77.2 0 0 0 0 0 -25.994 -10.6815 
81 95 109 123 137 151 0.2 0 0 0 0 0 -10.1102 61.1189 
95 81 109 123 137 151 1.3 0 0 0 0 0 -10.4154 47.2813 
109 95 81 123 137 151 2.6 0 0 0 0 0 -11.2676 36.8048 
123 95 109 81 137 151 3.3 0 0 0 0 0 -11.5126 30.7548 
137 95 109 123 81 151 2.1 0 0 0 0 0 -9.70867 29.1864 
151 95 109 123 137 81 19 0 0 0 0 0 -16.4678 -3.98382 
82 96 110 124 138 152 0 0 0 0 0 0 -10.1174 62.01 
96 82 110 124 138 152 1.4 0 0 0 0 0 -10.4841 46.3534 
110 96 82 124 138 152 2.8 0 0 0 0 0 -11.3719 35.9397 
124 96 110 82 138 152 3.4 0 0 0 0 0 -11.5578 30.154 
138 96 110 124 82 152 2.1 0 0 0 0 0 -9.62202 27.2155 
152 96 110 124 138 82 77.1 0 0 0 0 0 -17.7267 -5.36648 
83 97 111 125 139 153 0.1 0 0 0 0 0 -10.1313 62.9052 
97 83 111 125 139 153 1.5 0 0 0 0 0 -10.5597 45.4225 
111 97 83 125 139 153 2.9 0 0 0 0 0 -11.4788 35.0789 
125 97 111 83 139 153 3.5 0 0 0 0 0 -11.5992 29.5715 
139 97 111 125 83 153 2.1 0 0 0 0 0 -9.53202 25.1433 
153 97 111 125 139 83 77.2 0 0 0 0 0 -19.1512 -6.8435 
84 98 112 126 140 154 0.3 0 0 0 0 0 -10.1521 62.0834 
98 84 112 126 140 154 1.7 0 0 0 0 0 -10.642 44.4885 
112 98 84 126 140 154 3 0 0 0 0 0 -11.5881 34.2243 
126 98 112 84 140 154 3.6 0 0 0 0 0 -11.6367 29.0065 
140 98 112 126 84 154 2 0 0 0 0 0 -9.44094 22.972 
154 98 112 126 140 84 77.3 0 0 0 0 0 -20.7115 -8.41985 
85 99 113 127 141 155 0.4 0 0 0 0 0 -10.1802 61.2045 
99 85 113 127 141 155 1.8 0 0 0 0 0 -10.731 43.5513 
113 99 85 127 141 155 3.1 0 0 0 0 0 -11.6995 33.3773 
127 99 113 85 141 155 3.6 0 0 0 0 0 -11.6704 28.4555 
141 99 113 127 85 155 2 0 0 0 0 0 -9.35258 20.7034 
155 99 113 127 141 85 77.3 0 0 0 0 0 -22.3821 -10.1012 
86 100 114 128 142 156 0.3 0 0 0 0 0 -10.1698 61.9472 
100 86 114 128 142 156 1.8 0 0 0 0 0 -10.6756 43.9698 
114 100 86 128 142 156 3 0 0 0 0 0 -11.5095 34.0784 
128 100 114 86 142 156 3.3 0 0 0 0 0 -11.1848 30.1321 
142 100 114 128 86 156 0.5 0 0 0 0 0 -9.03373 17.2824 
156 100 114 128 142 86 5.4 0 0 0 0 0 -10.712 -1.25998 
87 101 115 129 143 157 0.5 0 0 0 0 0 -10.2 61.0488 
101 87 115 129 143 157 1.9 0 0 0 0 0 -10.7634 43.0483 
115 101 87 129 143 157 3.1 0 0 0 0 0 -11.6052 33.2832 
129 101 115 87 143 157 3.3 0 0 0 0 0 -11.1852 29.68 
143 101 115 129 87 157 0.4 0 0 0 0 0 -8.9754 15.6546 
157 101 115 129 143 87 6.7 0 0 0 0 0 -11.2522 -1.69615 
88 102 116 130 144 158 0.6 0 0 0 0 0 -10.2375 60.1388 
102 88 116 130 144 158 2.1 0 0 0 0 0 -10.8568 42.1275 
116 102 88 130 144 158 3.2 0 0 0 0 0 -11.7014 32.4997 
130 102 116 88 144 158 3.4 0 0 0 0 0 -11.1801 29.245 
144 102 116 130 88 158 0.3 0 0 0 0 0 -8.93616 13.9566 
158 102 116 130 144 88 8.5 0 0 0 0 0 -11.8866 -2.22548 
89 103 117 131 145 159 0.8 0 0 0 0 0 -10.2825 59.217 
103 89 117 131 145 159 2.2 0 0 0 0 0 -10.9559 41.2074 
117 103 89 131 145 159 3.3 0 0 0 0 0 -11.7977 31.7274 
131 103 117 89 145 159 3.4 0 0 0 0 0 -11.1697 28.8294 
145 103 117 131 89 159 0.1 0 0 0 0 0 -8.92795 12.1897 
159 103 117 131 145 89 10.9 0 0 0 0 0 -12.6192 -2.85883 
90 104 118 132 146 160 1 0 0 0 0 0 -10.3352 58.2835 
104 90 118 132 146 160 2.3 0 0 0 0 0 -11.0606 40.284 
118 104 90 132 146 160 3.4 0 0 0 0 0 -11.8941 30.9629 
132 104 118 90 146 160 3.5 0 0 0 0 0 -11.1543 28.432 
146 104 118 132 90 160 0 0 0 0 0 0 -8.96895 10.3551 
160 104 118 132 146 90 15.4 0 0 0 0 0 -13.4546 -3.60723 
91 105 119 133 147 161 1.1 0 0 0 0 0 -10.3957 57.3382 
105 91 119 133 147 161 2.5 0 0 0 0 0 -11.1707 39.3588 
119 105 91 133 147 161 3.6 0 0 0 0 0 -11.9905 30.2062 
133 105 119 91 147 161 3.5 0 0 0 0 0 -11.1343 28.0512 
147 105 119 133 91 161 0.2 0 0 0 0 0 -9.08641 8.45311 
161 105 119 133 147 91 153.3 0 0 0 0 0 -14.3985 -4.48228 
92 106 120 134 148 162 1.3 0 0 0 0 0 -10.4641 56.3811 
106 92 120 134 148 162 2.6 0 0 0 0 0 -11.2861 38.4338 
120 106 92 134 148 162 3.7 0 0 0 0 0 -12.0868 29.459 
134 106 120 92 148 162 3.6 0 0 0 0 0 -11.1106 27.6853 
148 106 120 134 92 162 0.3 0 0 0 0 0 -9.31963 6.48359 
162 106 120 134 148 92 150.2 0 0 0 0 0 -15.4585 -5.49586 
93 107 121 135 149 163 1.4 0 0 0 0 0 -10.5406 55.4121 
107 93 121 135 149 163 2.8 0 0 0 0 0 -11.407 37.5088 
121 107 93 135 149 163 3.8 0 0 0 0 0 -12.1831 28.7207 
135 107 121 93 149 163 3.6 0 0 0 0 0 -11.0845 27.3325 
149 107 121 135 93 163 0.5 0 0 0 0 0 -9.72169 4.44572 
163 107 121 135 149 93 148.1 0 0 0 0 0 -16.644 -6.66041 
94 108 122 136 150 164 1.6 0 0 0 0 0 -10.6255 54.4313 
108 94 122 136 150 164 2.9 0 0 0 0 0 -11.5331 36.5836 
122 108 94 136 150 164 3.9 0 0 0 0 0 -12.2793 27.9906 
136 108 122 94 150 164 3.6 0 0 0 0 0 -11.0586 24.6236 
150 108 122 136 94 164 0.6 0 0 0 0 0 -10.3568 2.33773 
164 108 122 136 150 94 146.6 0 0 0 0 0 -17.967 -7.98853 
95 109 123 137 151 165 1.7 0 0 0 0 0 -10.7188 53.4386 
109 95 123 137 151 165 3 0 0 0 0 0 -11.6645 35.6579 
123 109 95 137 151 165 4 0 0 0 0 0 -12.3756 27.2676 
137 109 123 95 151 165 3.7 0 0 0 0 0 -11.0379 21.3933 
151 109 123 137 95 165 0.8 0 0 0 0 0 -11.29 0.156771 
165 109 123 137 151 95 145.4 0 0 0 0 0 -19.4421 -9.49342 
96 110 124 138 152 166 1.9 0 0 0 0 0 -10.8207 52.4286 
110 96 124 138 152 166 3.2 0 0 0 0 0 -11.8012 34.7295 
124 110 96 138 152 166 4.1 0 0 0 0 0 -12.4723 26.5457 
138 110 124 96 152 166 3.7 0 0 0 0 0 -11.0327 18.0418 
152 110 124 138 96 166 132.1 0 0 0 0 0 -12.5695 -2.10072 
166 110 124 138 152 96 144.3 0 0 0 0 0 -21.086 -11.1888 
97 111 125 139 153 167 2 0 0 0 0 0 -10.9315 51.4063 
111 97 125 139 153 167 3.3 0 0 0 0 0 -11.9434 33.7957 
125 111 97 139 153 167 4.2 0 0 0 0 0 -12.5696 25.8287 
139 111 125 97 153 167 3.7 0 0 0 0 0 -11.0643 14.5698 
153 111 125 139 97 167 131.5 0 0 0 0 0 -14.2104 -4.43964 
167 111 125 139 153 97 143.5 0 0 0 0 0 -22.9177 -13.089 
98 112 126 140 154 168 2.2 0 0 0 0 0 -11.0514 50.372 
112 98 126 140 154 168 3.4 0 0 0 0 0 -12.0909 32.8603 
126 112 98 140 154 168 4.3 0 0 0 0 0 -12.6679 25.1157 
140 112 126 98 154 168 3.8 0 0 0 0 0 -11.178 10.9775 
154 112 126 140 98 168 131.1 0 0 0 0 0 -16.1917 -6.86618 
168 112 126 140 154 98 142.8 0 0 0 0 0 -24.9581 -15.2087 
99 113 127 141 155 169 2.4 0 0 0 0 0 -11.1804 49.3257 
113 99 127 141 155 169 3.6 0 0 0 0 0 -12.244 31.9228 
127 113 99 141 155 169 4.3 0 0 0 0 0 -12.768 24.4051 
141 113 127 99 155 169 3.8 0 0 0 0 0 -11.4664 7.26502 
155 113 127 141 99 169 130.7 0 0 0 0 0 -18.4689 -9.38739 
169 113 127 141 155 99 142.2 0 0 0 0 0 -27.2291 -17.5637 
100 114 128 142 156 170 2.5 0 0 0 0 0 -11.319 48.2673 
114 100 128 142 156 170 3.7 0 0 0 0 0 -12.4028 30.9828 
128 114 100 142 156 170 4.4 0 0 0 0 0 -12.8712 23.6955 
142 114 128 100 156 170 3.9 0 0 0 0 0 -12.1037 3.43086 
156 114 128 142 100 170 130.3 0 0 0 0 0 -20.993 -12.012 
170 114 128 142 156 100 141.6 0 0 0 0 0 -29.754 -20.1709 
101 115 129 143 157 171 2.7 0 0 0 0 0 -11.4672 47.1967 
115 101 129 143 157 171 3.8 0 0 0 0 0 -12.5675 30.0395 
129 115 101 143 157 171 4.5 0 0 0 0 0 -12.98 22.9821 
143 115 129 101 157 171 3.9 0 0 0 0 0 -13.3548 -0.525904 
157 115 129 143 101 171 130 0 0 0 0 0 -23.7235 -14.7498 
171 115 129 143 157 101 141.2 0 0 0 0 0 -32.5563 -23.0484 
102 116 130 144 158 172 2.8 0 0 0 0 0 -11.6254 46.1139 
116 102 130 144 158 172 4 0 0 0 0 0 -12.7385 29.0887 
130 116 102 144 158 172 4.6 0 0 0 0 0 -13.1001 21.4839 
144 116 130 102 158 172 111.4 0 0 0 0 0 -15.4763 -4.60791 
158 116 130 144 102 172 129.7 0 0 0 0 0 -26.6341 -17.6122 
172 116 130 144 158 102 140.8 0 0 0 0 0 -35.66 -26.2157 
103 117 131 145 159 173 3 0 0 0 0 0 -11.7938 45.0187 
117 103 131 145 159 173 4.1 0 0 0 0 0 -12.9159 28.1305 
131 117 103 145 159 173 4.7 0 0 0 0 0 -13.2441 17.1589 
145 117 131 103 159 173 111.3 0 0 0 0 0 -18.524 -8.81815 
159 117 131 145 103 173 129.4 0 0 0 0 0 -29.7125 -20.6122 
173 117 131 145 159 103 140.4 0 0 0 0 0 -39.0896 -29.6946 
104 118 132 146 160 174 3.2 0 0 0 0 0 -11.9728 43.9109 
118 104 132 146 160 174 4.2 0 0 0 0 0 -13.1004 27.1667 
132 118 104 146 160 174 4.8 0 0 0 0 0 -13.4433 12.6968 
146 118 132 104 160 174 111.3 0 0 0 0 0 -22.3127 -13.1612 
160 118 132 146 104 174 129.2 0 0 0 0 0 -32.9573 -23.7651 
174 118 132 146 160 104 140.1 0 0 0 0 0 -42.8708 -33.5092 
105 119 133 147 161 175 3.3 0 0 0 0 0 -12.1625 42.7881 
119 105 133 147 161 175 4.4 0 0 0 0 0 -13.2928 26.1962 
133 119 105 147 161 175 4.9 0 0 0 0 0 -13.7736 8.09793 
147 119 133 105 161 175 111.3 0 0 0 0 0 -26.5935 -17.642 
161 119 133 147 105 175 129 0 0 0 0 0 -36.3762 -27.0875 
175 119 133 147 161 105 139.9 0 0 0 0 0 -47.0312 -37.6872 
106 120 134 148 162 176 3.5 0 0 0 0 0 -12.3635 41.6475 
120 106 134 148 162 176 4.5 0 0 0 0 0 -13.4943 25.2182 
134 120 106 148 162 176 5 0 0 0 0 0 -14.4111 3.36146 
148 120 134 106 162 176 111.3 0 0 0 0 0 -31.191 -22.2672 
162 120 134 148 106 176 128.8 0 0 0 0 0 -39.9836 -30.5993 
176 120 134 148 162 106 139.6 0 0 0 0 0 -51.6016 -42.2607 
107 121 135 149 163 177 3.7 0 0 0 0 0 -12.5761 40.4933 
121 107 135 149 163 177 4.6 0 0 0 0 0 -13.7077 24.229 
135 121 107 149 163 177 5.1 0 0 0 0 0 -15.7003 -1.51368 
149 121 135 107 163 177 111.3 0 0 0 0 0 -36.0159 -27.0447 
163 121 135 149 107 177 128.6 0 0 0 0 0 -43.8001 -34.324 
177 121 135 149 163 107 139.4 0 0 0 0 0 -56.618 -47.2671 
108 122 136 150 164 178 3.8 0 0 0 0 0 -12.8008 39.3251 
122 108 136 150 164 178 4.8 0 0 0 0 0 -13.9389 21.1312 
136 122 108 150 164 178 95.4 0 0 0 0 0 -18.0852 -6.53034 
150 122 136 108 164 178 111.3 0 0 0 0 0 -41.0331 -31.984 
164 122 136 150 108 178 128.4 0 0 0 0 0 -47.8527 -38.2894 
178 122 136 150 164 108 139.3 0 0 0 0 0 -62.1238 -52.7522 
109 123 137 151 165 179 4 0 0 0 0 0 -13.0382 38.1426 
123 109 137 151 165 179 4.9 0 0 0 0 0 -14.2022 16.4512 
137 123 109 151 165 179 95.5 0 0 0 0 0 -21.747 -11.6902 
151 123 137 109 165 179 111.4 0 0 0 0 0 -46.235 -37.0967 
165 123 137 151 109 179 128.3 0 0 0 0 0 -52.1759 -42.5309 
179 123 137 151 165 109 139.1 0 0 0 0 0 -68.1733 -58.7717 
