30 42 54 66 78 90 5 0 0 0 0 0 58.2044 -1.42501 
42 30 54 66 78 90 0.8 0 0 0 0 0 60.0833 16.9427 
54 42 30 66 78 90 1.6 0 0 0 0 0 59.3912 29.9443 
66 42 54 30 78 90 0.6 0 0 0 0 0 59.4207 38.9671 
78 42 54 66 30 90 1.4 0 0 0 0 0 59.0096 34.6337 
90 42 54 66 78 30 5.6 0 0 0 0 0 48.3038 4.58633 
31 43 55 67 79 91 4.2 0 0 0 0 0 58.5017 -1.12642 
43 31 55 67 79 91 0.8 0 0 0 0 0 60.0214 18.0919 
55 43 31 67 79 91 1.6 0 0 0 0 0 59.365 30.313 
67 43 55 31 79 91 0.5 0 0 0 0 0 59.4108 39.5852 
79 43 55 67 31 91 1.5 0 0 0 0 0 58.9279 34.0198 
91 43 55 67 79 31 5.7 0 0 0 0 0 48.0094 3.84532 
32 44 56 68 80 92 3.6 0 0 0 0 0 58.7471 -0.877232 
44 32 56 68 80 92 0.9 0 0 0 0 0 59.9566 19.169 
56 44 32 68 80 92 1.5 0 0 0 0 0 59.3427 30.7067 
68 44 56 32 80 92 0.4 0 0 0 0 0 59.3999 40.2197 
80 44 56 68 32 92 1.6 0 0 0 0 0 58.8413 33.389 
92 44 56 68 80 32 5.8 0 0 0 0 0 47.7055 3.09706 
33 45 57 69 81 93 3.1 0 0 0 0 0 58.9462 -0.671319 
45 33 57 69 81 93 0.9 0 0 0 0 0 59.891 20.1734 
57 45 33 69 81 93 1.5 0 0 0 0 0 59.3242 31.1259 
69 45 57 33 81 93 0.3 0 0 0 0 0 59.3876 40.871 
81 45 57 69 33 93 1.7 0 0 0 0 0 58.7492 32.7409 
93 45 57 69 81 33 5.8 0 0 0 0 0 47.3923 2.3409 
34 46 58 70 82 94 2.6 0 0 0 0 0 59.1044 -0.503771 
46 34 58 70 82 94 1 0 0 0 0 0 59.8264 21.1037 
58 46 34 70 82 94 1.4 0 0 0 0 0 59.3092 31.5713 
70 46 58 34 82 94 0.2 0 0 0 0 0 59.3734 41.1597 
82 46 58 70 34 94 1.8 0 0 0 0 0 58.6516 32.0754 
94 46 58 70 82 34 5.9 0 0 0 0 0 47.0696 1.5728 
35 47 59 71 83 95 2.1 0 0 0 0 0 59.2268 -0.369311 
47 35 59 71 83 95 1 0 0 0 0 0 59.7638 21.9588 
59 47 35 71 83 95 1.3 0 0 0 0 0 59.2974 32.0431 
71 47 59 35 83 95 0.1 0 0 0 0 0 59.3571 40.7177 
83 47 59 71 35 95 2 0 0 0 0 0 58.548 31.3924 
95 47 59 71 83 35 6 0 0 0 0 0 46.7366 0.796984 
36 48 60 72 84 96 1.8 0 0 0 0 0 59.318 -0.263244 
48 36 60 72 84 96 1 0 0 0 0 0 59.7043 22.739 
60 48 36 72 84 96 1.3 0 0 0 0 0 59.2885 32.5417 
72 48 60 36 84 96 0 0 0 0 0 0 59.3381 40.2488 
84 48 60 72 36 96 2.1 0 0 0 0 0 58.4382 30.6898 
96 48 60 72 84 36 6 0 0 0 0 0 46.3922 0.0133376 
37 49 61 73 85 97 1.4 0 0 0 0 0 59.3824 -0.181516 
49 37 61 73 85 97 1 0 0 0 0 0 59.6483 23.4427 
61 49 37 73 85 97 1.2 0 0 0 0 0 59.2821 33.0632 
73 49 61 37 85 97 0 0 0 0 0 0 59.3159 39.7526 
85 49 61 73 37 97 2.2 0 0 0 0 0 58.3218 29.9669 
97 49 61 73 85 37 6.1 0 0 0 0 0 46.0349 -0.778247 
38 50 62 74 86 98 1.1 0 0 0 0 0 59.424 -0.119874 
50 38 62 74 86 98 1 0 0 0 0 0 59.5961 24.0699 
62 50 38 74 86 98 1.1 0 0 0 0 0 59.2779 33.6113 
74 50 62 38 86 98 0.2 0 0 0 0 0 59.2903 39.2289 
86 50 62 74 38 98 2.3 0 0 0 0 0 58.1986 29.226 
98 50 62 74 86 38 6.2 0 0 0 0 0 45.6623 -1.57788 
39 51 63 75 87 99 0.9 0 0 0 0 0 59.4464 -0.0750107 
51 39 63 75 87 99 1 0 0 0 0 0 59.5481 24.6201 
63 51 39 75 87 99 1 0 0 0 0 0 59.2752 34.1866 
75 51 63 39 87 99 0.3 0 0 0 0 0 59.2605 38.6766 
87 51 63 75 39 99 2.4 0 0 0 0 0 58.0683 28.4672 
99 51 63 75 87 39 6.2 0 0 0 0 0 45.2709 -2.38943 
40 52 64 76 88 100 0.7 0 0 0 0 0 59.4529 -0.0434087 
52 40 64 76 88 100 1.7 0 0 0 0 0 59.3085 27.5597 
64 52 40 76 88 100 1.3 0 0 0 0 0 59.1571 33.1611 
76 52 64 40 88 100 0.2 0 0 0 0 0 59.2657 39.8191 
88 52 64 76 40 100 2.4 0 0 0 0 0 58.1273 29.0108 
100 52 64 76 88 40 6.3 0 0 0 0 0 44.8562 -3.21094 
41 53 65 77 89 101 0.5 0 0 0 0 0 59.4464 -0.022601 
53 41 65 77 89 101 1.7 0 0 0 0 0 59.2744 27.89 
65 53 41 77 89 101 1.2 0 0 0 0 0 59.1674 33.7862 
77 53 65 41 89 101 0.3 0 0 0 0 0 59.2377 39.2151 
89 53 65 77 41 101 2.5 0 0 0 0 0 57.994 28.2273 
101 53 65 77 89 41 6.4 0 0 0 0 0 44.4113 -4.04092 
42 54 66 78 90 102 0.3 0 0 0 0 0 59.4296 -0.00993065 
54 42 66 78 90 102 1.7 0 0 0 0 0 59.2459 28.2542 
66 54 42 78 90 102 1.1 0 0 0 0 0 59.1782 34.4343 
78 54 66 42 90 102 0.5 0 0 0 0 0 59.2048 38.5878 
90 54 66 78 42 102 2.6 0 0 0 0 0 57.8535 27.4295 
102 54 66 78 90 42 6.4 0 0 0 0 0 43.9265 -4.87952 
43 55 67 79 91 103 0.2 0 0 0 0 0 59.4046 -0.0029737 
55 43 67 79 91 103 1.6 0 0 0 0 0 59.2226 28.6525 
67 55 43 79 91 103 1 0 0 0 0 0 59.1887 35.1054 
79 55 67 43 91 103 0.6 0 0 0 0 0 59.1665 37.9371 
91 55 67 79 43 103 2.7 0 0 0 0 0 57.7057 26.6176 
103 55 67 79 91 43 6.5 0 0 0 0 0 43.3877 -5.72687 
44 56 68 80 92 104 1.7 0 0 0 0 0 59.6428 25.0667 
56 44 68 80 92 104 2.1 0 0 0 0 0 58.9408 26.8995 
68 56 44 80 92 104 1.2 0 0 0 0 0 59.1007 34.3331 
80 56 68 44 92 104 0.5 0 0 0 0 0 59.1797 38.7942 
92 56 68 80 44 104 2.7 0 0 0 0 0 57.7665 27.0474 
104 56 68 80 92 44 6.5 0 0 0 0 0 44.0742 -5.3182 
45 57 69 81 93 105 1.7 0 0 0 0 0 59.562 25.1219 
57 45 69 81 93 105 2 0 0 0 0 0 58.9383 27.3693 
69 57 45 81 93 105 1.1 0 0 0 0 0 59.1209 35.0428 
81 57 69 45 93 105 0.6 0 0 0 0 0 59.1408 38.1025 
93 57 69 81 45 105 2.8 0 0 0 0 0 57.6162 26.2207 
105 57 69 81 93 45 6.5 0 0 0 0 0 43.6364 -6.16284 
46 58 70 82 94 106 1.7 0 0 0 0 0 59.4874 25.2184 
58 46 70 82 94 106 1.9 0 0 0 0 0 58.9402 27.8684 
70 58 46 82 94 106 1 0 0 0 0 0 59.1397 35.7713 
82 58 70 46 94 106 0.8 0 0 0 0 0 59.0959 37.3915 
94 58 70 82 46 106 2.9 0 0 0 0 0 57.4589 25.3827 
106 58 70 82 94 46 6.6 0 0 0 0 0 43.1686 -7.01662 
47 59 71 83 95 107 1.8 0 0 0 0 0 59.4195 25.3546 
59 47 71 83 95 107 1.9 0 0 0 0 0 58.9462 28.3972 
71 59 47 83 95 107 0.9 0 0 0 0 0 59.1565 36.5133 
83 59 71 47 95 107 0.9 0 0 0 0 0 59.0445 36.659 
95 59 71 83 47 107 3.1 0 0 0 0 0 57.2943 24.5293 
107 59 71 83 95 47 6.7 0 0 0 0 0 42.6609 -7.87597 
48 60 72 84 96 108 2.6 0 0 0 0 0 58.8983 22.2375 
60 48 72 84 96 108 2.2 0 0 0 0 0 58.7034 27.0829 
72 60 48 84 96 108 1 0 0 0 0 0 59.0975 35.9314 
84 60 72 48 96 108 0.8 0 0 0 0 0 59.0644 37.3064 
96 60 72 84 48 108 3 0 0 0 0 0 57.3626 24.894 
108 60 72 84 96 48 6.7 0 0 0 0 0 43.045 -7.42914 
49 61 73 85 97 109 2.6 0 0 0 0 0 58.8485 22.4766 
61 49 73 85 97 109 2.1 0 0 0 0 0 58.7286 27.6696 
73 61 49 85 97 109 0.9 0 0 0 0 0 59.1203 36.7013 
85 61 73 49 97 109 1 0 0 0 0 0 59.0108 36.546 
97 61 73 85 49 109 3.1 0 0 0 0 0 57.197 24.0357 
109 61 73 85 97 49 6.7 0 0 0 0 0 42.5571 -8.27375 
50 62 74 86 98 110 2.6 0 0 0 0 0 58.8072 22.752 
62 50 74 86 98 110 2 0 0 0 0 0 58.7565 28.2813 
74 62 50 86 98 110 0.8 0 0 0 0 0 59.1398 37.4863 
86 62 74 50 98 110 1.1 0 0 0 0 0 58.9503 35.7652 
98 62 74 86 50 110 3.3 0 0 0 0 0 57.0248 23.1703 
110 62 74 86 98 50 6.8 0 0 0 0 0 42.0263 -9.12044 
51 63 75 87 99 111 2.6 0 0 0 0 0 58.7741 23.0643 
63 51 75 87 99 111 1.9 0 0 0 0 0 58.7866 28.9149 
75 63 51 87 99 111 0.6 0 0 0 0 0 59.1556 38.2864 
87 63 75 51 99 111 1.2 0 0 0 0 0 58.8827 34.9688 
99 63 75 87 51 111 3.4 0 0 0 0 0 56.8459 22.2979 
111 63 75 87 99 51 6.9 0 0 0 0 0 41.4385 -9.97169 
52 64 76 88 100 112 3.1 0 0 0 0 0 58.2196 20.7605 
64 52 76 88 100 112 2.2 0 0 0 0 0 58.5981 27.933 
76 64 52 88 100 112 0.7 0 0 0 0 0 59.1206 37.8373 
88 64 76 52 100 112 1.2 0 0 0 0 0 58.9086 35.4666 
100 64 76 88 52 112 3.3 0 0 0 0 0 56.9294 22.636 
112 64 76 88 100 52 6.8 0 0 0 0 0 41.9038 -9.44218 
53 65 77 89 101 113 3.1 0 0 0 0 0 58.215 21.1557 
65 53 77 89 101 113 2.1 0 0 0 0 0 58.6435 28.611 
77 65 53 89 101 113 0.6 0 0 0 0 0 59.139 38.6552 
89 65 77 53 101 113 1.3 0 0 0 0 0 58.838 34.6501 
101 65 77 89 53 113 3.5 0 0 0 0 0 56.7517 21.7685 
113 65 77 89 101 53 6.9 0 0 0 0 0 41.3233 -10.2715 
54 66 78 90 102 114 3 0 0 0 0 0 58.2179 21.5827 
66 54 78 90 102 114 1.9 0 0 0 0 0 58.6896 29.3089 
78 66 54 90 102 114 0.5 0 0 0 0 0 59.1526 39.4846 
90 66 78 54 102 114 1.5 0 0 0 0 0 58.7602 33.8218 
102 66 78 90 54 114 3.6 0 0 0 0 0 56.5682 20.8969 
114 66 78 90 102 54 6.9 0 0 0 0 0 40.6717 -11.0998 
55 67 79 91 103 115 2.9 0 0 0 0 0 58.2282 22.0383 
67 55 79 91 103 115 1.8 0 0 0 0 0 58.7359 30.0277 
79 67 55 91 103 115 0.3 0 0 0 0 0 59.1609 40.323 
91 67 79 55 103 115 1.6 0 0 0 0 0 58.6748 32.9816 
103 67 79 91 55 115 3.7 0 0 0 0 0 56.3786 20.0163 
115 67 79 91 103 55 7 0 0 0 0 0 39.926 -11.9274 
56 68 80 92 104 116 3.3 0 0 0 0 0 57.7575 20.3244 
68 56 80 92 104 116 2 0 0 0 0 0 58.5989 29.2918 
80 68 56 92 104 116 0.4 0 0 0 0 0 59.144 39.9616 
92 68 80 56 104 116 1.5 0 0 0 0 0 58.7077 33.3759 
104 68 80 92 56 116 3.7 0 0 0 0 0 56.4877 20.3715 
116 68 80 92 104 56 7 0 0 0 0 0 40.583 -11.267 
57 69 81 93 105 117 3.2 0 0 0 0 0 57.7952 20.8498 
69 57 81 93 105 117 1.9 0 0 0 0 0 58.656 30.0448 
81 69 57 93 105 117 0.3 0 0 0 0 0 59.1522 40.8042 
93 69 81 57 105 117 1.7 0 0 0 0 0 58.6196 32.5258 
105 69 81 93 57 117 3.8 0 0 0 0 0 56.3027 19.5057 
117 69 81 93 105 57 7 0 0 0 0 0 39.8367 -12.0577 
58 70 82 94 106 118 3.2 0 0 0 0 0 57.8386 21.3987 
70 58 82 94 106 118 1.8 0 0 0 0 0 58.7118 30.8146 
82 70 58 94 106 118 0 0 0 0 0 0 59.1543 41.6546 
94 70 82 58 106 118 1.8 0 0 0 0 0 58.5242 31.6676 
106 70 82 94 58 118 3.9 0 0 0 0 0 56.1128 18.6399 
118 70 82 94 106 58 7.1 0 0 0 0 0 38.9708 -12.9659 
59 71 83 95 107 119 3.1 0 0 0 0 0 57.8873 21.975 
71 59 83 95 107 119 1.6 0 0 0 0 0 58.7656 31.6012 
83 71 59 95 107 119 0 0 0 0 0 0 59.15 41.3694 
95 71 83 59 107 119 2 0 0 0 0 0 58.4215 30.7996 
107 71 83 95 59 119 4 0 0 0 0 0 55.9181 17.774 
119 71 83 95 107 59 7.1 0 0 0 0 0 37.9521 -14.4718 
60 72 84 96 108 120 3.3 0 0 0 0 0 57.518 20.6958 
72 60 84 96 108 120 1.8 0 0 0 0 0 58.6715 31.0446 
84 72 60 96 108 120 0 0 0 0 0 0 59.1465 41.9824 
96 72 84 60 108 120 1.9 0 0 0 0 0 58.4645 31.1373 
108 72 84 96 60 120 3.9 0 0 0 0 0 56.0655 18.1861 
120 72 84 96 108 60 7.1 0 0 0 0 0 38.9419 -13.2953 
61 73 85 97 109 121 3.3 0 0 0 0 0 57.5896 21.3256 
73 61 85 97 109 121 1.6 0 0 0 0 0 58.732 31.852 
85 73 61 97 109 121 0.1 0 0 0 0 0 59.14 41.192 
97 73 85 61 109 121 2.1 0 0 0 0 0 58.3602 30.2663 
109 73 85 97 61 121 4.1 0 0 0 0 0 55.8794 17.3454 
121 73 85 97 109 61 7.1 0 0 0 0 0 37.919 -14.7361 
62 74 86 98 110 122 3.2 0 0 0 0 0 57.6648 21.9783 
74 62 86 98 110 122 1.5 0 0 0 0 0 58.7891 32.669 
86 74 62 98 110 122 0.2 0 0 0 0 0 59.1266 40.3883 
98 74 86 62 110 122 2.2 0 0 0 0 0 58.2491 29.3893 
110 74 86 98 62 122 4.2 0 0 0 0 0 55.6898 16.5042 
122 74 86 98 110 62 7.2 0 0 0 0 0 36.7132 -16.3816 
63 75 87 99 111 123 3.1 0 0 0 0 0 57.7431 22.6539 
75 63 87 99 111 123 1.4 0 0 0 0 0 58.8425 33.4989 
87 75 63 99 111 123 0.4 0 0 0 0 0 59.1061 39.5715 
99 75 87 63 111 123 2.3 0 0 0 0 0 58.1312 28.5077 
111 75 87 99 63 123 4.3 0 0 0 0 0 55.4965 15.6641 
123 75 87 99 111 63 7.2 0 0 0 0 0 35.2918 -18.1707 
64 76 88 100 112 124 3.3 0 0 0 0 0 57.4659 21.6957 
76 64 88 100 112 124 1.5 0 0 0 0 0 58.7816 33.0689 
88 76 64 100 112 124 0.3 0 0 0 0 0 59.1129 40.0409 
100 76 88 64 112 124 2.3 0 0 0 0 0 58.1899 28.8303 
112 76 88 100 64 124 4.2 0 0 0 0 0 55.6984 16.1803 
124 76 88 100 112 64 7.1 0 0 0 0 0 36.8048 -16.5309 
65 77 89 101 113 125 3.2 0 0 0 0 0 57.5617 22.4125 
77 65 89 101 113 125 1.3 0 0 0 0 0 58.8378 33.912 
89 77 65 101 113 125 0.5 0 0 0 0 0 59.0893 39.2089 
101 77 89 65 113 125 2.4 0 0 0 0 0 58.0726 27.9584 
113 77 89 101 65 125 4.3 0 0 0 0 0 55.5187 15.3764 
125 77 89 101 113 65 7.2 0 0 0 0 0 35.3902 -18.2277 
66 78 90 102 114 126 3 0 0 0 0 0 57.6587 23.1475 
78 66 90 102 114 126 1.2 0 0 0 0 0 58.8891 34.7643 
90 78 66 102 114 126 0.6 0 0 0 0 0 59.0583 38.3675 
102 78 90 66 114 126 2.6 0 0 0 0 0 57.9494 27.0856 
114 78 90 102 66 126 4.4 0 0 0 0 0 55.3369 14.5793 
126 78 90 102 114 66 7.2 0 0 0 0 0 33.7468 -19.9328 
67 79 91 103 115 127 2.9 0 0 0 0 0 57.7567 23.8958 
79 67 91 103 115 127 1.1 0 0 0 0 0 58.9351 35.6258 
91 79 67 103 115 127 0.8 0 0 0 0 0 59.0199 37.5166 
103 79 91 67 115 127 2.7 0 0 0 0 0 57.8203 26.2101 
115 79 91 103 67 127 4.5 0 0 0 0 0 55.1528 13.7887 
127 79 91 103 115 67 64.5 0 0 0 0 0 31.8623 -21.9665 
68 80 92 104 116 128 3.1 0 0 0 0 0 57.5553 23.1784 
80 68 92 104 116 128 1.1 0 0 0 0 0 58.8985 35.2721 
92 80 68 104 116 128 0.7 0 0 0 0 0 59.0362 37.893 
104 80 92 68 116 128 2.6 0 0 0 0 0 57.9027 26.5592 
116 80 92 104 68 128 4.4 0 0 0 0 0 55.4287 14.4566 
128 80 92 104 116 68 39 0 0 0 0 0 34.0965 -19.5952 
69 81 93 105 117 129 3 0 0 0 0 0 57.6654 23.9564 
81 69 93 105 117 129 1 0 0 0 0 0 58.9443 36.1342 
93 81 69 105 117 129 0.9 0 0 0 0 0 58.9947 37.037 
105 81 93 69 117 129 2.8 0 0 0 0 0 57.7774 25.6995 
117 81 93 105 69 129 4.5 0 0 0 0 0 55.2641 13.7132 
129 81 93 105 117 69 64.5 0 0 0 0 0 32.2523 -21.6331 
70 82 94 106 118 130 2.8 0 0 0 0 0 57.7747 24.749 
82 70 94 106 118 130 0.8 0 0 0 0 0 58.984 36.9983 
94 82 70 106 118 130 1 0 0 0 0 0 58.946 36.1739 
106 82 94 70 118 130 2.9 0 0 0 0 0 57.6474 24.8417 
118 82 94 106 70 130 4.6 0 0 0 0 0 55.0987 12.9748 
130 82 94 106 118 70 64.5 0 0 0 0 0 30.1876 -23.5205 
71 83 95 107 119 131 2.7 0 0 0 0 0 57.8827 25.5562 
83 71 95 107 119 131 0.7 0 0 0 0 0 59.0174 37.8679 
95 83 71 107 119 131 1.2 0 0 0 0 0 58.89 35.3005 
107 83 95 71 119 131 3 0 0 0 0 0 57.5128 23.9863 
119 83 95 107 71 131 4.7 0 0 0 0 0 54.9322 12.246 
131 83 95 107 119 71 64.6 0 0 0 0 0 27.9159 -25.5426 
72 84 96 108 120 132 2.8 0 0 0 0 0 57.7403 25.0093 
84 72 96 108 120 132 0.8 0 0 0 0 0 58.998 37.5494 
96 84 72 108 120 132 1.1 0 0 0 0 0 58.9172 35.6318 
108 84 96 72 120 132 2.9 0 0 0 0 0 57.6295 24.4029 
120 84 96 108 72 132 4.5 0 0 0 0 0 55.3057 13.1263 
132 84 96 108 120 72 64.5 0 0 0 0 0 31.0335 -22.5132 
73 85 97 109 121 133 2.7 0 0 0 0 0 57.8557 25.8355 
85 73 97 109 121 133 0.6 0 0 0 0 0 59.029 38.4125 
97 85 73 109 121 133 1.2 0 0 0 0 0 58.8593 34.7629 
109 85 97 73 121 133 3.1 0 0 0 0 0 57.5028 23.5776 
121 85 97 109 73 133 4.6 0 0 0 0 0 55.1655 12.4577 
133 85 97 109 121 73 64.5 0 0 0 0 0 28.8547 -24.5797 
74 86 98 110 122 134 2.6 0 0 0 0 0 57.9683 26.6712 
86 74 98 110 122 134 0.5 0 0 0 0 0 59.0532 39.2776 
98 86 74 110 122 134 1.4 0 0 0 0 0 58.7946 33.8919 
110 86 98 74 122 134 3.2 0 0 0 0 0 57.373 22.7583 
122 86 98 110 74 134 4.7 0 0 0 0 0 55.0258 11.8025 
134 86 98 110 122 74 64.6 0 0 0 0 0 26.5131 -26.617 
75 87 99 111 123 135 2.5 0 0 0 0 0 58.0779 27.5126 
87 75 99 111 123 135 0.3 0 0 0 0 0 59.0702 40.1446 
99 87 75 111 123 135 1.5 0 0 0 0 0 58.7233 33.0187 
111 87 99 75 123 135 3.3 0 0 0 0 0 57.2401 21.9407 
123 87 99 111 75 135 4.8 0 0 0 0 0 54.8859 11.1601 
135 87 99 111 123 75 64.6 0 0 0 0 0 24.0326 -28.7403 
76 88 100 112 124 136 2.5 0 0 0 0 0 57.9795 27.0833 
88 76 100 112 124 136 0.4 0 0 0 0 0 59.0635 39.8181 
100 88 76 112 124 136 1.5 0 0 0 0 0 58.7656 33.3434 
112 88 100 76 124 136 3.2 0 0 0 0 0 57.4039 22.4713 
124 88 100 112 76 136 4.6 0 0 0 0 0 55.3849 12.318 
136 88 100 112 124 76 64.6 0 0 0 0 0 28.1989 -24.715 
77 89 101 113 125 137 2.4 0 0 0 0 0 58.0922 27.9333 
89 77 101 113 125 137 0.2 0 0 0 0 0 59.0772 40.1755 
101 89 77 113 125 137 1.6 0 0 0 0 0 58.6945 32.4846 
113 89 101 77 125 137 3.3 0 0 0 0 0 57.2838 21.6928 
125 89 101 113 77 137 4.7 0 0 0 0 0 55.2791 11.749 
137 89 101 113 125 77 64.6 0 0 0 0 0 25.8766 -26.9628 
78 90 102 114 126 138 2.3 0 0 0 0 0 58.2007 28.7902 
90 78 102 114 126 138 0 0 0 0 0 0 59.0837 39.3151 
102 90 78 114 126 138 1.8 0 0 0 0 0 58.6176 31.6272 
114 90 102 78 126 138 3.4 0 0 0 0 0 57.1623 20.9237 
126 90 102 114 78 138 4.7 0 0 0 0 0 55.1749 11.1949 
138 90 102 114 126 78 64.7 0 0 0 0 0 23.4627 -29.441 
79 91 103 115 127 139 2.1 0 0 0 0 0 58.3045 29.654 
91 79 103 115 127 139 0.1 0 0 0 0 0 59.0829 38.4475 
103 91 79 115 127 139 1.9 0 0 0 0 0 58.5351 30.7652 
115 91 103 79 127 139 3.5 0 0 0 0 0 57.0395 20.1635 
127 91 103 115 79 139 4.8 0 0 0 0 0 55.0712 10.6532 
139 91 103 115 127 79 64.7 0 0 0 0 0 20.977 -31.8876 
80 92 104 116 128 140 2.2 0 0 0 0 0 58.2376 29.2921 
92 80 104 116 128 140 0 0 0 0 0 0 59.0867 38.8382 
104 92 80 116 128 140 1.8 0 0 0 0 0 58.5988 31.1267 
116 92 104 80 128 140 3.4 0 0 0 0 0 57.2655 20.8555 
128 92 104 116 80 140 4.6 0 0 0 0 0 55.7267 12.1795 
140 92 104 116 128 80 64.7 0 0 0 0 0 26.4498 -26.4426 
81 93 105 117 129 141 2.1 0 0 0 0 0 58.3415 30.1546 
93 81 105 117 129 141 0.2 0 0 0 0 0 59.0826 37.9698 
105 93 81 117 129 141 2 0 0 0 0 0 58.5195 30.2889 
117 93 105 81 129 141 3.5 0 0 0 0 0 57.1609 20.1479 
129 93 105 117 81 141 4.6 0 0 0 0 0 55.6659 11.7265 
141 93 105 117 129 81 64.7 0 0 0 0 0 24.1952 -28.627 
82 94 106 118 130 142 1.9 0 0 0 0 0 58.4399 31.0182 
94 82 106 118 130 142 0.3 0 0 0 0 0 59.0714 37.0951 
106 94 82 118 130 142 2.1 0 0 0 0 0 58.4359 29.456 
118 94 106 82 130 142 3.6 0 0 0 0 0 57.0568 19.4529 
130 94 106 118 82 142 4.7 0 0 0 0 0 55.6075 11.2927 
142 94 106 118 130 82 64.8 0 0 0 0 0 21.908 -30.7647 
83 95 107 119 131 143 1.8 0 0 0 0 0 58.5325 31.8812 
95 83 107 119 131 143 0.5 0 0 0 0 0 59.0531 36.2137 
107 95 83 119 131 143 2.2 0 0 0 0 0 58.348 28.6278 
119 95 107 83 131 143 3.7 0 0 0 0 0 56.9534 18.7662 
131 95 107 119 83 143 4.7 0 0 0 0 0 55.55 10.8769 
143 95 107 119 131 83 64.9 0 0 0 0 0 19.5994 -32.8599 
84 96 108 120 132 144 1.9 0 0 0 0 0 58.4874 31.5453 
96 84 108 120 132 144 0.4 0 0 0 0 0 59.0679 36.5665 
108 96 84 120 132 144 2.1 0 0 0 0 0 58.4416 29.0655 
120 96 108 84 132 144 3.5 0 0 0 0 0 57.2579 19.68 
132 96 108 120 84 144 4.4 0 0 0 0 0 56.3917 12.8764 
144 96 108 120 132 84 64.8 0 0 0 0 0 26.8094 -25.733 
85 97 109 121 133 145 1.7 0 0 0 0 0 58.5778 32.3974 
97 85 109 121 133 145 0.6 0 0 0 0 0 59.0475 35.6943 
109 97 85 121 133 145 2.2 0 0 0 0 0 58.3608 28.272 
121 97 109 85 133 145 3.6 0 0 0 0 0 57.1785 19.0567 
133 97 109 121 85 145 4.4 0 0 0 0 0 56.3865 12.5658 
145 97 109 121 133 85 64.9 0 0 0 0 0 24.8094 -27.507 
86 98 110 122 134 146 1.6 0 0 0 0 0 58.6619 33.2491 
98 86 110 122 134 146 0.7 0 0 0 0 0 59.0205 34.8222 
110 98 86 122 134 146 2.4 0 0 0 0 0 58.2773 27.4863 
122 98 110 86 134 146 3.7 0 0 0 0 0 57.1015 18.4493 
134 98 110 122 86 146 4.5 0 0 0 0 0 56.3847 12.2768 
146 98 110 122 134 86 64.9 0 0 0 0 0 22.8174 -29.2302 
87 99 111 123 135 147 1.4 0 0 0 0 0 58.7395 34.1006 
99 87 111 123 135 147 0.8 0 0 0 0 0 58.9871 33.949 
111 99 87 123 135 147 2.5 0 0 0 0 0 58.1911 26.7032 
123 99 111 87 135 147 3.8 0 0 0 0 0 57.027 17.8571 
135 99 111 123 87 147 4.5 0 0 0 0 0 56.3844 12.008 
147 99 111 123 135 87 65 0 0 0 0 0 20.8373 -30.9033 
88 100 112 124 136 148 1.5 0 0 0 0 0 58.7093 33.7474 
100 88 112 124 136 148 0.8 0 0 0 0 0 59.0157 34.3042 
112 100 88 124 136 148 2.4 0 0 0 0 0 58.3248 27.2642 
124 100 112 88 136 148 3.5 0 0 0 0 0 57.4264 19.0577 
136 100 112 124 88 148 4 0 0 0 0 0 57.4236 14.6287 
148 100 112 124 136 88 65 0 0 0 0 0 30.4902 -21.3474 
89 101 113 125 137 149 1.3 0 0 0 0 0 58.7835 34.5781 
101 89 113 125 137 149 0.9 0 0 0 0 0 58.9822 33.4468 
113 101 89 125 137 149 2.5 0 0 0 0 0 58.2503 26.5267 
125 101 113 89 137 149 3.6 0 0 0 0 0 57.3817 18.5438 
137 101 113 125 89 149 4 0 0 0 0 0 57.4827 14.4836 
149 101 113 125 137 89 65 0 0 0 0 0 28.9015 -22.6319 
90 102 114 126 138 150 1.2 0 0 0 0 0 58.851 35.4051 
102 90 114 126 138 150 1.1 0 0 0 0 0 58.9432 32.5914 
114 102 90 126 138 150 2.6 0 0 0 0 0 58.1749 25.8008 
126 102 114 90 138 150 3.7 0 0 0 0 0 57.3413 18.0487 
138 102 114 126 90 150 4 0 0 0 0 0 57.5462 14.3621 
150 102 114 126 138 90 65.1 0 0 0 0 0 27.346 -23.8536 
91 103 115 127 139 151 1.1 0 0 0 0 0 58.9119 36.2245 
103 91 115 127 139 151 1.2 0 0 0 0 0 58.8989 31.7396 
115 103 91 127 139 151 2.7 0 0 0 0 0 58.0987 25.0863 
127 103 115 91 139 151 3.7 0 0 0 0 0 57.3051 17.5717 
139 103 115 127 91 151 4 0 0 0 0 0 57.6122 14.2623 
151 103 115 127 139 91 65.1 0 0 0 0 0 25.8225 -25.0198 
92 104 116 128 140 152 1.1 0 0 0 0 0 58.8923 35.8169 
104 92 116 128 140 152 1.1 0 0 0 0 0 58.9462 32.1393 
116 104 92 128 140 152 2.5 0 0 0 0 0 58.2836 25.8174 
128 104 116 92 140 152 3.4 0 0 0 0 0 57.8116 19.1432 
140 104 116 128 92 152 3.3 0 0 0 0 0 58.7934 17.7113 
152 104 116 128 140 92 65.1 0 0 0 0 0 39.1237 -11.7424 
93 105 117 129 141 153 1 0 0 0 0 0 58.9495 36.6043 
105 93 117 129 141 153 1.2 0 0 0 0 0 58.9048 31.3168 
117 105 93 129 141 153 2.6 0 0 0 0 0 58.2239 25.1597 
129 105 117 93 141 153 3.5 0 0 0 0 0 57.8101 18.7592 
141 105 117 129 93 153 3.3 0 0 0 0 0 58.9129 17.7583 
153 105 117 129 141 93 65.2 0 0 0 0 0 38.0861 -12.4463 
94 106 118 130 142 154 0.8 0 0 0 0 0 59.0001 37.3846 
106 94 118 130 142 154 1.4 0 0 0 0 0 58.8592 30.497 
118 106 94 130 142 154 2.7 0 0 0 0 0 58.1652 24.517 
130 106 118 94 142 154 3.5 0 0 0 0 0 57.8146 18.3968 
142 106 118 130 94 154 3.3 0 0 0 0 0 59.0359 17.8301 
154 106 118 130 142 94 65.2 0 0 0 0 0 37.0928 -13.0866 
95 107 119 131 143 155 0.7 0 0 0 0 0 59.0442 38.158 
107 95 119 131 143 155 1.5 0 0 0 0 0 58.8097 29.6827 
119 107 95 131 143 155 2.8 0 0 0 0 0 58.1077 23.8855 
131 107 119 95 143 155 3.6 0 0 0 0 0 57.8249 18.0549 
143 107 119 131 95 155 3.2 0 0 0 0 0 59.1592 17.924 
155 107 119 131 143 95 65.3 0 0 0 0 0 36.1386 -13.6688 
96 108 120 132 144 156 0.8 0 0 0 0 0 59.0334 37.6507 
108 96 120 132 144 156 1.4 0 0 0 0 0 58.8822 30.1705 
120 108 96 132 144 156 2.6 0 0 0 0 0 58.3542 24.8463 
132 108 120 96 144 156 3.1 0 0 0 0 0 58.4364 20.1065 
144 108 120 132 96 156 1.9 0 0 0 0 0 60.1818 19.0421 
156 108 120 132 144 96 65.2 0 0 0 0 0 54.6415 -0.2456 
97 109 121 133 145 157 0.6 0 0 0 0 0 59.0745 38.3834 
109 97 121 133 145 157 1.5 0 0 0 0 0 58.8392 29.3961 
121 109 97 133 145 157 2.7 0 0 0 0 0 58.318 24.2833 
133 109 121 97 145 157 3.2 0 0 0 0 0 58.4836 19.8742 
145 109 121 133 97 157 1.8 0 0 0 0 0 60.305 17.4218 
157 109 121 133 145 97 65.3 0 0 0 0 0 54.3038 -0.45297 
98 110 122 134 146 158 0.5 0 0 0 0 0 59.1096 39.1057 
110 98 122 134 146 158 1.6 0 0 0 0 0 58.7936 28.6324 
122 110 98 134 146 158 2.8 0 0 0 0 0 58.2847 23.7376 
134 110 122 98 146 158 3.2 0 0 0 0 0 58.5377 19.6662 
146 110 122 134 98 158 1.7 0 0 0 0 0 60.4164 15.7318 
158 110 122 134 146 98 65.4 0 0 0 0 0 53.9844 -0.739389 
99 111 123 135 147 159 0.4 0 0 0 0 0 59.1388 39.8178 
111 99 123 135 147 159 1.7 0 0 0 0 0 58.7459 27.8745 
123 111 99 135 147 159 2.8 0 0 0 0 0 58.2544 23.2094 
135 111 123 99 147 159 3.2 0 0 0 0 0 58.5983 19.4811 
147 111 123 135 99 159 1.6 0 0 0 0 0 60.5066 13.9734 
159 111 123 135 147 99 65.4 0 0 0 0 0 53.6741 -1.11542 
100 112 124 136 148 160 0.2 0 0 0 0 0 59.1622 40.52 
112 100 124 136 148 160 1.9 0 0 0 0 0 58.6962 27.1258 
124 112 100 136 148 160 2.9 0 0 0 0 0 58.2273 22.6982 
136 112 124 100 148 160 3.2 0 0 0 0 0 58.665 19.3145 
148 112 124 136 100 160 1.4 0 0 0 0 0 60.5612 12.1478 
160 112 124 136 148 100 65.5 0 0 0 0 0 53.3599 -1.59182 
101 113 125 137 149 161 0 0 0 0 0 0 59.18 41.2127 
113 101 125 137 149 161 2 0 0 0 0 0 58.6446 26.387 
125 113 101 137 149 161 3 0 0 0 0 0 58.2034 22.2031 
137 113 125 101 149 161 3.2 0 0 0 0 0 58.7369 19.1673 
149 113 125 137 101 161 1.3 0 0 0 0 0 60.5581 10.2556 
161 113 125 137 149 101 65.5 0 0 0 0 0 53.0257 -2.17985 
102 114 126 138 150 162 0 0 0 0 0 0 59.1924 41.8948 
114 102 126 138 150 162 2.1 0 0 0 0 0 58.5916 25.6558 
126 114 102 138 150 162 3 0 0 0 0 0 58.1827 21.7233 
138 114 126 102 150 162 3.2 0 0 0 0 0 58.8129 19.0376 
150 114 126 138 102 162 1.1 0 0 0 0 0 60.4643 8.29647 
162 114 126 138 150 102 65.6 0 0 0 0 0 52.6511 -2.89121 
103 115 127 139 151 163 0.2 0 0 0 0 0 59.1995 42.5656 
115 103 127 139 151 163 2.2 0 0 0 0 0 58.5371 24.9304 
127 115 103 139 151 163 3.1 0 0 0 0 0 58.1651 21.2556 
139 115 127 103 151 163 3.2 0 0 0 0 0 58.891 18.9229 
151 115 127 139 103 163 0.9 0 0 0 0 0 60.2324 6.26946 
163 115 127 139 151 103 65.6 0 0 0 0 0 52.2119 -3.73787 
104 116 128 140 152 164 0.3 0 0 0 0 0 59.2013 43.2283 
116 104 128 140 152 164 2.3 0 0 0 0 0 58.4813 24.2136 
128 116 104 140 152 164 3.2 0 0 0 0 0 58.1505 20.799 
140 116 128 104 152 164 3.2 0 0 0 0 0 58.968 18.821 
152 116 128 140 104 164 0.8 0 0 0 0 0 59.7993 4.17265 
164 116 128 140 152 104 65.7 0 0 0 0 0 51.6797 -4.73226 
105 117 129 141 153 165 0.4 0 0 0 0 0 59.1981 43.8836 
117 105 129 141 153 165 2.4 0 0 0 0 0 58.4244 23.5052 
129 117 105 141 153 165 3.2 0 0 0 0 0 58.1386 20.3543 
141 117 129 105 153 165 3.2 0 0 0 0 0 59.0374 18.7291 
153 117 129 141 105 165 0.6 0 0 0 0 0 59.092 2.00315 
165 117 129 141 153 105 65.7 0 0 0 0 0 51.0219 -5.88727 
106 118 130 142 154 166 0.5 0 0 0 0 0 59.1898 44.532 
118 106 130 142 154 166 2.5 0 0 0 0 0 58.3663 22.799 
130 118 106 142 154 166 3.3 0 0 0 0 0 58.1291 19.9203 
142 118 130 106 154 166 3.2 0 0 0 0 0 59.0871 17.6794 
154 118 130 142 106 166 135.7 0 0 0 0 0 58.0427 -0.243183 
166 118 130 142 154 106 148.8 0 0 0 0 0 50.2026 -7.21637 
107 119 131 143 155 167 0.7 0 0 0 0 0 59.1766 45.1743 
119 107 131 143 155 167 2.6 0 0 0 0 0 58.3071 22.0999 
131 119 107 143 155 167 3.3 0 0 0 0 0 58.1213 19.4954 
143 119 131 107 155 167 3.2 0 0 0 0 0 59.0922 14.3969 
155 119 131 143 107 167 135.2 0 0 0 0 0 56.6105 -2.57183 
167 119 131 143 155 107 147.7 0 0 0 0 0 49.1836 -8.73348 
108 120 132 144 156 168 0.8 0 0 0 0 0 59.1586 45.8113 
120 108 132 144 156 168 2.7 0 0 0 0 0 58.2468 21.407 
132 120 108 144 156 168 3.4 0 0 0 0 0 58.1143 19.0779 
144 120 132 108 156 168 3.2 0 0 0 0 0 59.0032 11.0126 
156 120 132 144 108 168 134.7 0 0 0 0 0 54.7958 -4.98925 
168 120 132 144 156 108 146.7 0 0 0 0 0 47.9266 -10.4533 
109 121 133 145 157 169 0.9 0 0 0 0 0 59.1359 46.444 
121 109 133 145 157 169 2.8 0 0 0 0 0 58.1852 20.7158 
133 121 109 145 157 169 3.4 0 0 0 0 0 58.1063 18.666 
145 121 133 109 157 169 3.2 0 0 0 0 0 58.7235 7.52585 
157 121 133 145 109 169 134.3 0 0 0 0 0 52.6354 -7.50351 
169 121 133 145 157 109 146 0 0 0 0 0 46.3964 -12.3916 
110 122 134 146 158 170 1.1 0 0 0 0 0 59.1083 47.0733 
122 110 134 146 158 170 2.9 0 0 0 0 0 58.1222 20.0276 
134 122 110 146 158 170 3.5 0 0 0 0 0 58.0937 18.2555 
146 122 134 110 158 170 3.2 0 0 0 0 0 58.0844 3.93455 
158 122 134 146 110 170 133.9 0 0 0 0 0 50.1827 -10.1243 
170 122 134 146 158 110 145.3 0 0 0 0 0 44.5624 -14.5652 
111 123 135 147 159 171 1.2 0 0 0 0 0 59.076 47.7004 
123 111 135 147 159 171 3 0 0 0 0 0 58.0574 19.3429 
135 123 111 147 159 171 3.6 0 0 0 0 0 58.0686 17.8449 
147 123 135 111 159 171 3.2 0 0 0 0 0 56.8498 0.236054 
159 123 135 147 111 171 133.6 0 0 0 0 0 47.4875 -12.8628 
171 123 135 147 159 111 144.7 0 0 0 0 0 42.4006 -16.992 
112 124 136 148 160 172 1.3 0 0 0 0 0 59.0389 48.3238 
124 112 136 148 160 172 3.1 0 0 0 0 0 57.9905 18.6578 
136 124 112 148 160 172 3.6 0 0 0 0 0 58.0134 17.2445 
148 124 136 112 160 172 118.4 0 0 0 0 0 54.8133 -3.57303 
160 124 136 148 112 172 133.3 0 0 0 0 0 44.585 -15.732 
172 124 136 148 160 112 144.3 0 0 0 0 0 39.8927 -19.6925 
113 125 137 149 161 173 1.4 0 0 0 0 0 58.997 45.6599 
125 113 137 149 161 173 3.2 0 0 0 0 0 57.9205 17.9713 
137 125 113 149 161 173 3.7 0 0 0 0 0 57.8873 13.0844 
149 125 137 113 161 173 118.3 0 0 0 0 0 51.9474 -7.49771 
161 125 137 149 113 173 133.1 0 0 0 0 0 41.4941 -18.7467 
173 125 137 149 161 113 143.8 0 0 0 0 0 37.0239 -22.6887 
114 126 138 150 162 174 1.6 0 0 0 0 0 58.9499 42.0846 
126 114 138 150 162 174 3.3 0 0 0 0 0 57.8456 17.2844 
138 126 114 150 162 174 3.7 0 0 0 0 0 57.5967 8.80925 
150 126 138 114 162 174 118.2 0 0 0 0 0 48.4151 -11.5439 
162 126 138 150 114 174 132.8 0 0 0 0 0 38.2188 -21.9247 
174 126 138 150 162 114 143.5 0 0 0 0 0 33.7797 -26.0064 
115 127 139 151 163 175 1.7 0 0 0 0 0 58.8974 38.3838 
127 115 139 151 163 175 3.4 0 0 0 0 0 57.7621 16.5933 
139 127 115 151 163 175 3.8 0 0 0 0 0 56.9439 4.41685 
151 127 139 115 163 175 118.2 0 0 0 0 0 44.4278 -15.7194 
163 127 139 151 115 175 132.6 0 0 0 0 0 34.7519 -25.286 
175 127 139 151 163 115 143.2 0 0 0 0 0 30.1426 -29.6746 
116 128 140 152 164 176 1.8 0 0 0 0 0 58.8388 34.5593 
128 116 140 152 164 176 3.5 0 0 0 0 0 57.661 15.8957 
140 128 116 152 164 176 3.9 0 0 0 0 0 55.5914 -0.0945575 
152 128 140 116 164 176 118.2 0 0 0 0 0 40.1369 -20.0329 
164 128 140 152 116 176 132.4 0 0 0 0 0 31.0769 -28.8544 
176 128 140 152 164 116 142.9 0 0 0 0 0 26.0887 -33.7282 
117 129 141 153 165 177 2 0 0 0 0 0 58.7724 30.6129 
129 117 141 153 165 177 3.6 0 0 0 0 0 57.5212 15.1926 
141 129 117 153 165 177 104.7 0 0 0 0 0 53.1859 -4.72811 
153 129 141 117 165 177 118.2 0 0 0 0 0 35.6215 -24.4955 
165 129 141 153 117 177 132.3 0 0 0 0 0 27.1685 -32.659 
177 129 141 153 165 117 142.7 0 0 0 0 0 21.5853 -38.2092 
118 130 142 154 166 178 2.1 0 0 0 0 0 58.6948 26.546 
130 118 142 154 166 178 3.7 0 0 0 0 0 57.2901 12.2487 
142 130 118 154 166 178 104.8 0 0 0 0 0 49.6638 -9.48835 
154 130 142 118 166 178 118.2 0 0 0 0 0 30.9122 -29.1204 
166 130 142 154 118 178 132.1 0 0 0 0 0 22.993 -36.7354 
178 130 142 154 166 118 142.5 0 0 0 0 0 16.5871 -43.1699 
119 131 143 155 167 179 2.2 0 0 0 0 0 58.5978 22.3599 
131 119 143 155 167 179 3.8 0 0 0 0 0 56.8422 7.57171 
143 131 119 155 167 179 104.8 0 0 0 0 0 45.3043 -14.3799 
155 131 143 119 167 179 118.2 0 0 0 0 0 26.013 -33.9232 
167 131 143 155 119 179 132 0 0 0 0 0 18.5045 -41.1299 
179 131 143 155 167 119 142.4 0 0 0 0 0 11.0322 -48.6772 
