30 38 46 54 62 70 15.7 0 0 0 0 0 -22.1174 -13.4671 
38 30 46 54 62 70 18.6 0 0 0 0 0 -14.9686 -5.31826 
46 38 30 54 62 70 0.7 0 0 0 0 0 -13.785 0.325073 
54 38 46 30 62 70 1.8 0 0 0 0 0 -12.256 2.92552 
62 38 46 54 30 70 2.7 0 0 0 0 0 -11.7449 6.25821 
70 38 46 54 62 30 1.1 0 0 0 0 0 -10.0321 6.34877 
31 39 47 55 63 71 14.2 0 0 0 0 0 -21.2481 -12.5827 
39 31 47 55 63 71 18 0 0 0 0 0 -14.0744 -4.35916 
47 39 31 55 63 71 0.7 0 0 0 0 0 -12.5198 2.15787 
55 39 47 31 63 71 1.7 0 0 0 0 0 -11.4535 4.67523 
63 39 47 55 31 71 2.7 0 0 0 0 0 -11.4739 6.76412 
71 39 47 55 63 31 1.1 0 0 0 0 0 -9.72775 6.79678 
32 40 48 56 64 72 13 0 0 0 0 0 -20.4725 -11.7868 
40 32 48 56 64 72 17.5 0 0 0 0 0 -13.319 -3.49113 
48 40 32 56 64 72 0.7 0 0 0 0 0 -11.4462 4.04005 
56 40 48 32 64 72 1.7 0 0 0 0 0 -10.7997 6.19267 
64 40 48 56 32 72 2.6 0 0 0 0 0 -11.2378 7.28132 
72 40 48 56 64 32 1 0 0 0 0 0 -9.47097 7.2478 
33 41 49 57 65 73 12.1 0 0 0 0 0 -19.784 -11.0725 
41 33 49 57 65 73 17 0 0 0 0 0 -12.6948 -2.71176 
49 41 33 57 65 73 0.7 0 0 0 0 0 -10.5694 5.9672 
57 41 49 33 65 73 1.7 0 0 0 0 0 -10.278 7.66913 
65 41 49 57 33 73 2.5 0 0 0 0 0 -11.0299 7.80995 
73 41 49 57 65 33 1 0 0 0 0 0 -9.25397 7.70331 
34 42 50 58 66 74 11.3 0 0 0 0 0 -19.176 -10.4337 
42 34 50 58 66 74 16.6 0 0 0 0 0 -12.1904 -2.01766 
50 42 34 58 66 74 0.7 0 0 0 0 0 -9.88151 7.9451 
58 42 50 34 66 74 1.6 0 0 0 0 0 -9.86879 9.17609 
66 42 50 58 34 74 2.5 0 0 0 0 0 -10.8444 8.34598 
74 42 50 58 66 34 0.9 0 0 0 0 0 -9.07021 8.1634 
35 43 51 59 67 75 10.6 0 0 0 0 0 -18.6422 -9.8644 
43 35 51 59 67 75 16.3 0 0 0 0 0 -11.7926 -1.40641 
51 43 35 59 67 75 0.6 0 0 0 0 0 -9.36286 9.32193 
59 43 51 35 67 75 1.6 0 0 0 0 0 -9.55167 10.7106 
67 43 51 59 35 75 2.4 0 0 0 0 0 -10.6769 8.89221 
75 43 51 59 67 35 0.9 0 0 0 0 0 -8.91432 8.62816 
36 44 52 60 68 76 10 0 0 0 0 0 -18.1768 -9.35915 
44 36 52 60 68 76 16 0 0 0 0 0 -11.4872 -0.875031 
52 44 36 60 68 76 0.6 0 0 0 0 0 -8.98681 9.91217 
60 44 52 36 68 76 1.5 0 0 0 0 0 -9.30779 12.2773 
68 44 52 60 36 76 2.4 0 0 0 0 0 -10.524 9.45001 
76 44 52 60 68 36 0.8 0 0 0 0 0 -8.78193 9.0938 
37 45 53 61 69 77 9.5 0 0 0 0 0 -17.7744 -8.9129 
45 37 53 61 69 77 0.7 0 0 0 0 0 -10.4003 1.85134 
53 45 37 61 69 77 0.9 0 0 0 0 0 -9.48577 9.06556 
61 45 53 37 69 77 1.7 0 0 0 0 0 -9.64752 10.92 
69 45 53 61 37 77 2.4 0 0 0 0 0 -10.7004 9.00927 
77 45 53 61 69 37 0.8 0 0 0 0 0 -8.66955 9.56244 
38 46 54 62 70 78 9.1 0 0 0 0 0 -17.4298 -8.52106 
46 38 54 62 70 78 0.7 0 0 0 0 0 -9.8976 2.85127 
54 46 38 62 70 78 0.8 0 0 0 0 0 -9.04895 10.8587 
62 46 54 38 70 78 1.6 0 0 0 0 0 -9.41154 12.43 
70 46 54 62 38 78 2.4 0 0 0 0 0 -10.5497 9.57509 
78 46 54 62 70 38 0.7 0 0 0 0 0 -8.57443 10.0359 
39 47 55 63 71 79 8.7 0 0 0 0 0 -17.1385 -8.17964 
47 39 55 63 71 79 0.7 0 0 0 0 0 -9.52811 3.73995 
55 47 39 63 71 79 0.8 0 0 0 0 0 -8.7386 12.6905 
63 47 55 39 71 79 1.5 0 0 0 0 0 -9.22849 13.7019 
71 47 55 63 39 79 2.3 0 0 0 0 0 -10.4101 10.1495 
79 47 55 63 71 39 0.7 0 0 0 0 0 -8.49449 10.5141 
40 48 56 64 72 80 8.4 0 0 0 0 0 -16.8962 -7.88471 
48 40 56 64 72 80 0.7 0 0 0 0 0 -9.26574 4.51961 
56 48 40 64 72 80 0.8 0 0 0 0 0 -8.52478 14.2108 
64 48 56 40 72 80 1.5 0 0 0 0 0 -9.08557 14.9962 
72 48 56 64 40 80 2.2 0 0 0 0 0 -10.2797 10.7307 
80 48 56 64 72 40 0.6 0 0 0 0 0 -8.42823 10.9972 
41 49 57 65 73 81 8.1 0 0 0 0 0 -16.6992 -7.63294 
49 41 57 65 73 81 0.7 0 0 0 0 0 -9.08731 5.19298 
57 49 41 65 73 81 0.7 0 0 0 0 0 -8.38224 14.7782 
65 49 57 41 73 81 1.4 0 0 0 0 0 -8.97278 16.3117 
73 49 57 65 41 81 2.2 0 0 0 0 0 -10.1569 11.3167 
81 49 57 65 73 41 0.6 0 0 0 0 0 -8.37477 11.4809 
42 50 58 66 74 82 7.9 0 0 0 0 0 -16.5441 -7.42137 
50 42 58 66 74 82 0.7 0 0 0 0 0 -8.97372 5.76266 
58 50 42 66 74 82 0.7 0 0 0 0 0 -8.29119 15.2143 
66 50 58 42 74 82 1.4 0 0 0 0 0 -8.88253 17.6454 
74 50 58 66 42 82 2.1 0 0 0 0 0 -10.0406 11.9114 
82 50 58 66 74 42 0.5 0 0 0 0 0 -8.33384 11.9679 
43 51 59 67 75 83 3.8 0 0 0 0 0 -12.117 1.65873 
51 43 59 67 75 83 0.3 0 0 0 0 0 -8.37907 9.11681 
59 51 43 67 75 83 0.9 0 0 0 0 0 -8.40252 16.6621 
67 51 59 43 75 83 1.5 0 0 0 0 0 -9.01869 16.8227 
75 51 59 67 43 83 2.1 0 0 0 0 0 -10.1334 11.6308 
83 51 59 67 75 43 0.5 0 0 0 0 0 -8.3067 11.8128 
44 52 60 68 76 84 3.8 0 0 0 0 0 -11.9425 2.54105 
52 44 60 68 76 84 0.3 0 0 0 0 0 -8.25688 10.0925 
60 52 44 68 76 84 0.8 0 0 0 0 0 -8.30833 18.625 
68 52 60 44 76 84 1.4 0 0 0 0 0 -8.93153 18.1624 
76 52 60 68 44 84 2.1 0 0 0 0 0 -10.0188 12.2258 
84 52 60 68 76 44 0.5 0 0 0 0 0 -8.25997 12.2942 
45 53 61 69 77 85 3.8 0 0 0 0 0 -11.8243 3.33075 
53 45 61 69 77 85 0.3 0 0 0 0 0 -8.18933 10.94 
61 53 45 69 77 85 0.8 0 0 0 0 0 -8.24824 19.4753 
69 53 61 45 77 85 1.3 0 0 0 0 0 -8.85905 19.518 
77 53 61 69 45 85 2 0 0 0 0 0 -9.90972 12.8268 
85 53 61 69 77 45 0.4 0 0 0 0 0 -8.22138 12.7783 
46 54 62 70 78 86 3.7 0 0 0 0 0 -11.7514 4.03013 
54 46 62 70 78 86 0.4 0 0 0 0 0 -8.16039 11.6617 
62 54 46 70 78 86 0.7 0 0 0 0 0 -8.21178 19.9788 
70 54 62 46 78 86 1.3 0 0 0 0 0 -8.79765 20.8899 
78 54 62 70 46 86 1.9 0 0 0 0 0 -9.80548 13.4326 
86 54 62 70 78 46 0.3 0 0 0 0 0 -8.19053 13.2652 
47 55 63 71 79 87 3.7 0 0 0 0 0 -11.7155 4.64025 
55 47 63 71 79 87 0.4 0 0 0 0 0 -8.15886 12.2597 
63 55 47 71 79 87 0.7 0 0 0 0 0 -8.19174 20.3377 
71 55 63 47 79 87 1.2 0 0 0 0 0 -8.7447 21.9518 
79 55 63 71 47 87 1.9 0 0 0 0 0 -9.70562 14.0396 
87 55 63 71 79 47 0.3 0 0 0 0 0 -8.16739 13.7522 
48 56 64 72 80 88 3.7 0 0 0 0 0 -11.7104 5.16376 
56 48 64 72 80 88 0.4 0 0 0 0 0 -8.17712 12.737 
64 56 48 72 80 88 0.6 0 0 0 0 0 -8.18324 20.5553 
72 56 64 48 80 88 1.2 0 0 0 0 0 -8.69833 23.0144 
80 56 64 72 48 88 1.8 0 0 0 0 0 -9.60978 14.6525 
88 56 64 72 80 48 0.2 0 0 0 0 0 -8.15233 14.2391 
49 57 65 73 81 89 2.7 0 0 0 0 0 -10.1481 10.5626 
57 49 65 73 81 89 0.2 0 0 0 0 0 -7.97395 16.7065 
65 57 49 73 81 89 0.7 0 0 0 0 0 -8.23205 24.0456 
73 57 65 49 81 89 1.2 0 0 0 0 0 -8.76408 22.5323 
81 57 65 73 49 89 1.8 0 0 0 0 0 -9.65861 14.4606 
89 57 65 73 81 49 0.2 0 0 0 0 0 -8.13274 14.1048 
50 58 66 74 82 90 2.8 0 0 0 0 0 -10.1755 11.5191 
58 50 66 74 82 90 0.2 0 0 0 0 0 -7.99337 17.5587 
66 58 50 74 82 90 0.7 0 0 0 0 0 -8.21962 24.6112 
74 58 66 50 82 90 1.1 0 0 0 0 0 -8.71725 23.5924 
82 58 66 74 50 90 1.7 0 0 0 0 0 -9.56475 15.0665 
90 58 66 74 82 50 0.2 0 0 0 0 0 -8.11391 14.5802 
51 59 67 75 83 91 2.8 0 0 0 0 0 -10.2232 12.3598 
59 51 67 75 83 91 0.3 0 0 0 0 0 -8.0241 18.2691 
67 59 51 75 83 91 0.6 0 0 0 0 0 -8.21398 25.0184 
75 59 67 51 83 91 1.1 0 0 0 0 0 -8.6751 24.6624 
83 59 67 75 51 91 1.7 0 0 0 0 0 -9.4747 15.6757 
