30 42 54 66 78 90 5 0 0 0 0 0 -10.8732 -1.42501 
42 30 54 66 78 90 0.8 0 0 0 0 0 -8.99428 16.9427 
54 42 30 66 78 90 1.6 0 0 0 0 0 -9.68635 29.9443 
66 42 54 30 78 90 0.6 0 0 0 0 0 -9.65686 38.9671 
78 42 54 66 30 90 1.4 0 0 0 0 0 -10.068 34.6337 
90 42 54 66 78 30 5.6 0 0 0 0 0 -20.7738 4.58633 
31 43 55 67 79 91 4.2 0 0 0 0 0 -10.5758 -1.12642 
43 31 55 67 79 91 0.8 0 0 0 0 0 -9.05613 18.0919 
55 43 31 67 79 91 1.6 0 0 0 0 0 -9.71259 30.313 
67 43 55 31 79 91 0.5 0 0 0 0 0 -9.66674 39.5852 
79 43 55 67 31 91 1.5 0 0 0 0 0 -10.1496 34.0198 
91 43 55 67 79 31 5.7 0 0 0 0 0 -21.0682 3.84532 
32 44 56 68 80 92 3.6 0 0 0 0 0 -10.3304 -0.877232 
44 32 56 68 80 92 0.9 0 0 0 0 0 -9.12099 19.169 
56 44 32 68 80 92 1.5 0 0 0 0 0 -9.73488 30.7067 
68 44 56 32 80 92 0.4 0 0 0 0 0 -9.67766 40.2197 
80 44 56 68 32 92 1.6 0 0 0 0 0 -10.2363 33.389 
92 44 56 68 80 32 5.8 0 0 0 0 0 -21.372 3.09706 
33 45 57 69 81 93 3.1 0 0 0 0 0 -10.1313 -0.671319 
45 33 57 69 81 93 0.9 0 0 0 0 0 -9.18656 20.1734 
57 45 33 69 81 93 1.5 0 0 0 0 0 -9.7534 31.1259 
69 45 57 33 81 93 0.3 0 0 0 0 0 -9.68999 40.871 
81 45 57 69 33 93 1.7 0 0 0 0 0 -10.3283 32.7409 
93 45 57 69 81 33 5.8 0 0 0 0 0 -21.6852 2.3409 
34 46 58 70 82 94 2.6 0 0 0 0 0 -9.97311 -0.503771 
46 34 58 70 82 94 1 0 0 0 0 0 -9.25119 21.1037 
58 46 34 70 82 94 1.4 0 0 0 0 0 -9.7684 31.5713 
70 46 58 34 82 94 0.2 0 0 0 0 0 -9.70413 41.1597 
82 46 58 70 34 94 1.8 0 0 0 0 0 -10.426 32.0754 
94 46 58 70 82 34 5.9 0 0 0 0 0 -22.008 1.5728 
35 47 59 71 83 95 2.1 0 0 0 0 0 -9.85075 -0.369311 
47 35 59 71 83 95 1 0 0 0 0 0 -9.3137 21.9588 
59 47 35 71 83 95 1.3 0 0 0 0 0 -9.78017 32.0431 
71 47 59 35 83 95 0.1 0 0 0 0 0 -9.72048 40.7177 
83 47 59 71 35 95 2 0 0 0 0 0 -10.5296 31.3924 
95 47 59 71 83 35 6 0 0 0 0 0 -22.341 0.796984 
36 48 60 72 84 96 1.8 0 0 0 0 0 -9.75955 -0.263244 
48 36 60 72 84 96 1 0 0 0 0 0 -9.37326 22.739 
60 48 36 72 84 96 1.3 0 0 0 0 0 -9.78904 32.5417 
72 48 60 36 84 96 0 0 0 0 0 0 -9.7395 40.2488 
84 48 60 72 36 96 2.1 0 0 0 0 0 -10.6394 30.6898 
96 48 60 72 84 36 6 0 0 0 0 0 -22.6853 0.0133376 
37 49 61 73 85 97 1.4 0 0 0 0 0 -9.69515 -0.181516 
49 37 61 73 85 97 1 0 0 0 0 0 -9.42929 23.4427 
61 49 37 73 85 97 1.2 0 0 0 0 0 -9.7954 33.0632 
73 49 61 37 85 97 0 0 0 0 0 0 -9.76161 39.7526 
85 49 61 73 37 97 2.2 0 0 0 0 0 -10.7557 29.9669 
97 49 61 73 85 37 6.1 0 0 0 0 0 -23.0426 -0.778247 
38 50 62 74 86 98 1.1 0 0 0 0 0 -9.65357 -0.119874 
50 38 62 74 86 98 1 0 0 0 0 0 -9.48142 24.0699 
62 50 38 74 86 98 1.1 0 0 0 0 0 -9.79969 33.6113 
74 50 62 38 86 98 0.2 0 0 0 0 0 -9.78729 39.2289 
86 50 62 74 38 98 2.3 0 0 0 0 0 -10.8789 29.226 
98 50 62 74 86 38 6.2 0 0 0 0 0 -23.4153 -1.57788 
39 51 63 75 87 99 0.9 0 0 0 0 0 -9.63117 -0.0750107 
51 39 63 75 87 99 1 0 0 0 0 0 -9.52945 24.6201 
63 51 39 75 87 99 1 0 0 0 0 0 -9.80237 34.1866 
75 51 63 39 87 99 0.3 0 0 0 0 0 -9.81702 38.6766 
87 51 63 75 39 99 2.4 0 0 0 0 0 -11.0092 28.4672 
99 51 63 75 87 39 6.2 0 0 0 0 0 -23.8066 -2.38943 
40 52 64 76 88 100 0.7 0 0 0 0 0 -9.62467 -0.0434087 
52 40 64 76 88 100 1.7 0 0 0 0 0 -9.76905 27.5597 
64 52 40 76 88 100 1.3 0 0 0 0 0 -9.92048 33.1611 
76 52 64 40 88 100 0.2 0 0 0 0 0 -9.81187 39.8191 
88 52 64 76 40 100 2.4 0 0 0 0 0 -10.9502 29.0108 
100 52 64 76 88 40 6.3 0 0 0 0 0 -24.2213 -3.21094 
41 53 65 77 89 101 0.5 0 0 0 0 0 -9.63113 -0.022601 
53 41 65 77 89 101 1.7 0 0 0 0 0 -9.80312 27.89 
65 53 41 77 89 101 1.2 0 0 0 0 0 -9.91012 33.7862 
77 53 65 41 89 101 0.3 0 0 0 0 0 -9.83984 39.2151 
89 53 65 77 41 101 2.5 0 0 0 0 0 -11.0836 28.2273 
101 53 65 77 89 41 6.4 0 0 0 0 0 -24.6662 -4.04092 
42 54 66 78 90 102 0.3 0 0 0 0 0 -9.64798 -0.00993065 
54 42 66 78 90 102 1.7 0 0 0 0 0 -9.83166 28.2542 
66 54 42 78 90 102 1.1 0 0 0 0 0 -9.8994 34.4343 
78 54 66 42 90 102 0.5 0 0 0 0 0 -9.87277 38.5878 
90 54 66 78 42 102 2.6 0 0 0 0 0 -11.224 27.4295 
102 54 66 78 90 42 6.4 0 0 0 0 0 -25.151 -4.87952 
43 55 67 79 91 103 0.2 0 0 0 0 0 -9.67296 -0.0029737 
55 43 67 79 91 103 1.6 0 0 0 0 0 -9.85497 28.6525 
67 55 43 79 91 103 1 0 0 0 0 0 -9.88881 35.1054 
79 55 67 43 91 103 0.6 0 0 0 0 0 -9.91109 37.9371 
91 55 67 79 43 103 2.7 0 0 0 0 0 -11.3718 26.6176 
103 55 67 79 91 43 6.5 0 0 0 0 0 -25.6899 -5.72687 
44 56 68 80 92 104 1.7 0 0 0 0 0 -9.43478 25.0667 
56 44 68 80 92 104 2.1 0 0 0 0 0 -10.1367 26.8995 
68 56 44 80 92 104 1.2 0 0 0 0 0 -9.9769 34.3331 
80 56 68 44 92 104 0.5 0 0 0 0 0 -9.89787 38.7942 
92 56 68 80 44 104 2.7 0 0 0 0 0 -11.3111 27.0474 
104 56 68 80 92 44 6.5 0 0 0 0 0 -25.0034 -5.3182 
45 57 69 81 93 105 1.7 0 0 0 0 0 -9.51558 25.1219 
57 45 69 81 93 105 2 0 0 0 0 0 -10.1393 27.3693 
69 57 45 81 93 105 1.1 0 0 0 0 0 -9.95661 35.0428 
81 57 69 45 93 105 0.6 0 0 0 0 0 -9.93671 38.1025 
93 57 69 81 45 105 2.8 0 0 0 0 0 -11.4614 26.2207 
105 57 69 81 93 45 6.5 0 0 0 0 0 -25.4411 -6.16284 
46 58 70 82 94 106 1.7 0 0 0 0 0 -9.5901 25.2184 
58 46 70 82 94 106 1.9 0 0 0 0 0 -10.1373 27.8684 
70 58 46 82 94 106 1 0 0 0 0 0 -9.93782 35.7713 
82 58 70 46 94 106 0.8 0 0 0 0 0 -9.98165 37.3915 
94 58 70 82 46 106 2.9 0 0 0 0 0 -11.6187 25.3827 
106 58 70 82 94 46 6.6 0 0 0 0 0 -25.9089 -7.01662 
47 59 71 83 95 107 1.8 0 0 0 0 0 -9.65806 25.3546 
59 47 71 83 95 107 1.9 0 0 0 0 0 -10.1313 28.3972 
71 59 47 83 95 107 0.9 0 0 0 0 0 -9.92103 36.5133 
83 59 71 47 95 107 0.9 0 0 0 0 0 -10.0331 36.659 
95 59 71 83 47 107 3.1 0 0 0 0 0 -11.7832 24.5293 
107 59 71 83 95 47 6.7 0 0 0 0 0 -26.4166 -7.87597 
48 60 72 84 96 108 2.6 0 0 0 0 0 -10.1793 22.2375 
60 48 72 84 96 108 2.2 0 0 0 0 0 -10.3741 27.0829 
72 60 48 84 96 108 1 0 0 0 0 0 -9.98007 35.9314 
84 60 72 48 96 108 0.8 0 0 0 0 0 -10.0132 37.3064 
96 60 72 84 48 108 3 0 0 0 0 0 -11.7149 24.894 
108 60 72 84 96 48 6.7 0 0 0 0 0 -26.0326 -7.42914 
49 61 73 85 97 109 2.6 0 0 0 0 0 -10.229 22.4766 
61 49 73 85 97 109 2.1 0 0 0 0 0 -10.3489 27.6696 
73 61 49 85 97 109 0.9 0 0 0 0 0 -9.95725 36.7013 
85 61 73 49 97 109 1 0 0 0 0 0 -10.0668 36.546 
97 61 73 85 49 109 3.1 0 0 0 0 0 -11.8805 24.0357 
109 61 73 85 97 49 6.7 0 0 0 0 0 -26.5205 -8.27375 
50 62 74 86 98 110 2.6 0 0 0 0 0 -10.2703 22.752 
62 50 74 86 98 110 2 0 0 0 0 0 -10.3211 28.2813 
74 62 50 86 98 110 0.8 0 0 0 0 0 -9.93771 37.4863 
86 62 74 50 98 110 1.1 0 0 0 0 0 -10.1272 35.7652 
98 62 74 86 50 110 3.3 0 0 0 0 0 -12.0527 23.1703 
110 62 74 86 98 50 6.8 0 0 0 0 0 -27.0512 -9.12044 
51 63 75 87 99 111 2.6 0 0 0 0 0 -10.3034 23.0643 
63 51 75 87 99 111 1.9 0 0 0 0 0 -10.291 28.9149 
75 63 51 87 99 111 0.6 0 0 0 0 0 -9.9219 38.2864 
87 63 75 51 99 111 1.2 0 0 0 0 0 -10.1948 34.9688 
99 63 75 87 51 111 3.4 0 0 0 0 0 -12.2317 22.2979 
111 63 75 87 99 51 6.9 0 0 0 0 0 -27.639 -9.97169 
52 64 76 88 100 112 3.1 0 0 0 0 0 -10.858 20.7605 
64 52 76 88 100 112 2.2 0 0 0 0 0 -10.4795 27.933 
76 64 52 88 100 112 0.7 0 0 0 0 0 -9.95698 37.8373 
88 64 76 52 100 112 1.2 0 0 0 0 0 -10.169 35.4666 
100 64 76 88 52 112 3.3 0 0 0 0 0 -12.1481 22.636 
112 64 76 88 100 52 6.8 0 0 0 0 0 -27.1737 -9.44218 
53 65 77 89 101 113 3.1 0 0 0 0 0 -10.8626 21.1557 
65 53 77 89 101 113 2.1 0 0 0 0 0 -10.434 28.611 
77 65 53 89 101 113 0.6 0 0 0 0 0 -9.93856 38.6552 
89 65 77 53 101 113 1.3 0 0 0 0 0 -10.2395 34.6501 
101 65 77 89 53 113 3.5 0 0 0 0 0 -12.3258 21.7685 
113 65 77 89 101 53 6.9 0 0 0 0 0 -27.7542 -10.2715 
54 66 78 90 102 114 3 0 0 0 0 0 -10.8596 21.5827 
66 54 78 90 102 114 1.9 0 0 0 0 0 -10.3879 29.3089 
78 66 54 90 102 114 0.5 0 0 0 0 0 -9.92498 39.4846 
90 66 78 54 102 114 1.5 0 0 0 0 0 -10.3174 33.8218 
102 66 78 90 54 114 3.6 0 0 0 0 0 -12.5094 20.8969 
114 66 78 90 102 54 6.9 0 0 0 0 0 -28.4058 -11.0998 
55 67 79 91 103 115 2.9 0 0 0 0 0 -10.8494 22.0383 
67 55 79 91 103 115 1.8 0 0 0 0 0 -10.3417 30.0277 
79 67 55 91 103 115 0.3 0 0 0 0 0 -9.91665 40.323 
91 67 79 55 103 115 1.6 0 0 0 0 0 -10.4027 32.9816 
103 67 79 91 55 115 3.7 0 0 0 0 0 -12.6989 20.0163 
115 67 79 91 103 55 7 0 0 0 0 0 -29.1515 -11.9274 
56 68 80 92 104 116 3.3 0 0 0 0 0 -11.32 20.3244 
68 56 80 92 104 116 2 0 0 0 0 0 -10.4787 29.2918 
80 68 56 92 104 116 0.4 0 0 0 0 0 -9.93352 39.9616 
92 68 80 56 104 116 1.5 0 0 0 0 0 -10.3698 33.3759 
104 68 80 92 56 116 3.7 0 0 0 0 0 -12.5899 20.3715 
116 68 80 92 104 56 7 0 0 0 0 0 -28.4946 -11.267 
57 69 81 93 105 117 3.2 0 0 0 0 0 -11.2824 20.8498 
69 57 81 93 105 117 1.9 0 0 0 0 0 -10.4215 30.0448 
81 69 57 93 105 117 0.3 0 0 0 0 0 -9.92535 40.8042 
93 69 81 57 105 117 1.7 0 0 0 0 0 -10.458 32.5258 
105 69 81 93 57 117 3.8 0 0 0 0 0 -12.7749 19.5057 
117 69 81 93 105 57 7 0 0 0 0 0 -29.2408 -12.0577 
58 70 82 94 106 118 3.2 0 0 0 0 0 -11.239 21.3987 
70 58 82 94 106 118 1.8 0 0 0 0 0 -10.3658 30.8146 
82 70 58 94 106 118 0 0 0 0 0 0 -9.92327 41.6546 
94 70 82 58 106 118 1.8 0 0 0 0 0 -10.5533 31.6676 
106 70 82 94 58 118 3.9 0 0 0 0 0 -12.9647 18.6399 
118 70 82 94 106 58 7.1 0 0 0 0 0 -30.1068 -12.9659 
59 71 83 95 107 119 3.1 0 0 0 0 0 -11.1903 21.975 
71 59 83 95 107 119 1.6 0 0 0 0 0 -10.3119 31.6012 
83 71 59 95 107 119 0 0 0 0 0 0 -9.9276 41.3694 
95 71 83 59 107 119 2 0 0 0 0 0 -10.6561 30.7996 
107 71 83 95 59 119 4 0 0 0 0 0 -13.1595 17.774 
119 71 83 95 107 59 7.1 0 0 0 0 0 -31.1254 -14.4718 
60 72 84 96 108 120 3.3 0 0 0 0 0 -11.5596 20.6958 
72 60 84 96 108 120 1.8 0 0 0 0 0 -10.406 31.0446 
84 72 60 96 108 120 0 0 0 0 0 0 -9.93109 41.9824 
96 72 84 60 108 120 1.9 0 0 0 0 0 -10.613 31.1373 
108 72 84 96 60 120 3.9 0 0 0 0 0 -13.012 18.1861 
120 72 84 96 108 60 7.1 0 0 0 0 0 -30.1357 -13.2953 
61 73 85 97 109 121 3.3 0 0 0 0 0 -11.4879 21.3256 
73 61 85 97 109 121 1.6 0 0 0 0 0 -10.3456 31.852 
85 73 61 97 109 121 0.1 0 0 0 0 0 -9.93754 41.192 
97 73 85 61 109 121 2.1 0 0 0 0 0 -10.7173 30.2663 
109 73 85 97 61 121 4.1 0 0 0 0 0 -13.1981 17.3454 
121 73 85 97 109 61 7.1 0 0 0 0 0 -31.1586 -14.7361 
62 74 86 98 110 122 3.2 0 0 0 0 0 -11.4128 21.9783 
74 62 86 98 110 122 1.5 0 0 0 0 0 -10.2885 32.669 
86 74 62 98 110 122 0.2 0 0 0 0 0 -9.95092 40.3883 
98 74 86 62 110 122 2.2 0 0 0 0 0 -10.8285 29.3893 
110 74 86 98 62 122 4.2 0 0 0 0 0 -13.3878 16.5042 
122 74 86 98 110 62 7.2 0 0 0 0 0 -32.3643 -16.3816 
63 75 87 99 111 123 3.1 0 0 0 0 0 -11.3345 22.6539 
75 63 87 99 111 123 1.4 0 0 0 0 0 -10.235 33.4989 
87 75 63 99 111 123 0.4 0 0 0 0 0 -9.97144 39.5715 
99 75 87 63 111 123 2.3 0 0 0 0 0 -10.9464 28.5077 
111 75 87 99 63 123 4.3 0 0 0 0 0 -13.581 15.6641 
123 75 87 99 111 63 7.2 0 0 0 0 0 -33.7857 -18.1707 
64 76 88 100 112 124 3.3 0 0 0 0 0 -11.6117 21.6957 
76 64 88 100 112 124 1.5 0 0 0 0 0 -10.296 33.0689 
88 76 64 100 112 124 0.3 0 0 0 0 0 -9.96463 40.0409 
100 76 88 64 112 124 2.3 0 0 0 0 0 -10.8876 28.8303 
112 76 88 100 64 124 4.2 0 0 0 0 0 -13.3792 16.1803 
124 76 88 100 112 64 7.1 0 0 0 0 0 -32.2728 -16.5309 
65 77 89 101 113 125 3.2 0 0 0 0 0 -11.5159 22.4125 
77 65 89 101 113 125 1.3 0 0 0 0 0 -10.2398 33.912 
89 77 65 101 113 125 0.5 0 0 0 0 0 -9.98828 39.2089 
101 77 89 65 113 125 2.4 0 0 0 0 0 -11.005 27.9584 
113 77 89 101 65 125 4.3 0 0 0 0 0 -13.5588 15.3764 
125 77 89 101 113 65 7.2 0 0 0 0 0 -33.6874 -18.2277 
66 78 90 102 114 126 3 0 0 0 0 0 -11.4188 23.1475 
78 66 90 102 114 126 1.2 0 0 0 0 0 -10.1885 34.7643 
90 78 66 102 114 126 0.6 0 0 0 0 0 -10.0192 38.3675 
102 78 90 66 114 126 2.6 0 0 0 0 0 -11.1282 27.0856 
114 78 90 102 66 126 4.4 0 0 0 0 0 -13.7406 14.5793 
126 78 90 102 114 66 7.2 0 0 0 0 0 -35.3308 -19.9328 
67 79 91 103 115 127 2.9 0 0 0 0 0 -11.3208 23.8958 
79 67 91 103 115 127 1.1 0 0 0 0 0 -10.1424 35.6258 
91 79 67 103 115 127 0.8 0 0 0 0 0 -10.0577 37.5166 
103 79 91 67 115 127 2.7 0 0 0 0 0 -11.2573 26.2101 
115 79 91 103 67 127 4.5 0 0 0 0 0 -13.9248 13.7887 
127 79 91 103 115 67 64.5 0 0 0 0 0 -37.2153 -21.9665 
68 80 92 104 116 128 3.1 0 0 0 0 0 -11.5223 23.1784 
80 68 92 104 116 128 1.1 0 0 0 0 0 -10.1791 35.2721 
92 80 68 104 116 128 0.7 0 0 0 0 0 -10.0414 37.893 
104 80 92 68 116 128 2.6 0 0 0 0 0 -11.1748 26.5592 
116 80 92 104 68 128 4.4 0 0 0 0 0 -13.6488 14.4566 
128 80 92 104 116 68 39 0 0 0 0 0 -34.9811 -19.5952 
69 81 93 105 117 129 3 0 0 0 0 0 -11.4122 23.9564 
81 69 93 105 117 129 1 0 0 0 0 0 -10.1332 36.1342 
93 81 69 105 117 129 0.9 0 0 0 0 0 -10.0829 37.037 
105 81 93 69 117 129 2.8 0 0 0 0 0 -11.3002 25.6995 
117 81 93 105 69 129 4.5 0 0 0 0 0 -13.8135 13.7132 
129 81 93 105 117 69 64.5 0 0 0 0 0 -36.8253 -21.6331 
70 82 94 106 118 130 2.8 0 0 0 0 0 -11.3029 24.749 
82 70 94 106 118 130 0.8 0 0 0 0 0 -10.0935 36.9983 
94 82 70 106 118 130 1 0 0 0 0 0 -10.1316 36.1739 
106 82 94 70 118 130 2.9 0 0 0 0 0 -11.4302 24.8417 
118 82 94 106 70 130 4.6 0 0 0 0 0 -13.9788 12.9748 
130 82 94 106 118 70 64.5 0 0 0 0 0 -38.89 -23.5205 
71 83 95 107 119 131 2.7 0 0 0 0 0 -11.1948 25.5562 
83 71 95 107 119 131 0.7 0 0 0 0 0 -10.0602 37.8679 
95 83 71 107 119 131 1.2 0 0 0 0 0 -10.1876 35.3005 
107 83 95 71 119 131 3 0 0 0 0 0 -11.5647 23.9863 
119 83 95 107 71 131 4.7 0 0 0 0 0 -14.1454 12.246 
131 83 95 107 119 71 64.6 0 0 0 0 0 -41.1617 -25.5426 
72 84 96 108 120 132 2.8 0 0 0 0 0 -11.3372 25.0093 
84 72 96 108 120 132 0.8 0 0 0 0 0 -10.0796 37.5494 
96 84 72 108 120 132 1.1 0 0 0 0 0 -10.1603 35.6318 
108 84 96 72 120 132 2.9 0 0 0 0 0 -11.448 24.4029 
120 84 96 108 72 132 4.5 0 0 0 0 0 -13.7718 13.1263 
132 84 96 108 120 72 64.5 0 0 0 0 0 -38.044 -22.5132 
73 85 97 109 121 133 2.7 0 0 0 0 0 -11.2219 25.8355 
85 73 97 109 121 133 0.6 0 0 0 0 0 -10.0485 38.4125 
97 85 73 109 121 133 1.2 0 0 0 0 0 -10.2183 34.7629 
109 85 97 73 121 133 3.1 0 0 0 0 0 -11.5748 23.5776 
121 85 97 109 73 133 4.6 0 0 0 0 0 -13.912 12.4577 
133 85 97 109 121 73 64.5 0 0 0 0 0 -40.2228 -24.5797 
74 86 98 110 122 134 2.6 0 0 0 0 0 -11.1093 26.6712 
86 74 98 110 122 134 0.5 0 0 0 0 0 -10.0244 39.2776 
98 86 74 110 122 134 1.4 0 0 0 0 0 -10.2829 33.8919 
110 86 98 74 122 134 3.2 0 0 0 0 0 -11.7046 22.7583 
122 86 98 110 74 134 4.7 0 0 0 0 0 -14.0518 11.8025 
134 86 98 110 122 74 64.6 0 0 0 0 0 -42.5645 -26.617 
75 87 99 111 123 135 2.5 0 0 0 0 0 -10.9997 27.5126 
87 75 99 111 123 135 0.3 0 0 0 0 0 -10.0073 40.1446 
99 87 75 111 123 135 1.5 0 0 0 0 0 -10.3542 33.0187 
111 87 99 75 123 135 3.3 0 0 0 0 0 -11.8374 21.9407 
123 87 99 111 75 135 4.8 0 0 0 0 0 -14.1916 11.1601 
135 87 99 111 123 75 64.6 0 0 0 0 0 -45.045 -28.7403 
76 88 100 112 124 136 2.5 0 0 0 0 0 -11.0981 27.0833 
88 76 100 112 124 136 0.4 0 0 0 0 0 -10.014 39.8181 
100 88 76 112 124 136 1.5 0 0 0 0 0 -10.312 33.3434 
112 88 100 76 124 136 3.2 0 0 0 0 0 -11.6736 22.4713 
124 88 100 112 76 136 4.6 0 0 0 0 0 -13.6927 12.318 
136 88 100 112 124 76 64.6 0 0 0 0 0 -40.8786 -24.715 
77 89 101 113 125 137 2.4 0 0 0 0 0 -10.9853 27.9333 
89 77 101 113 125 137 0.2 0 0 0 0 0 -10.0003 40.1755 
101 89 77 113 125 137 1.6 0 0 0 0 0 -10.3831 32.4846 
113 89 101 77 125 137 3.3 0 0 0 0 0 -11.7938 21.6928 
125 89 101 113 77 137 4.7 0 0 0 0 0 -13.7984 11.749 
137 89 101 113 125 77 64.6 0 0 0 0 0 -43.2009 -26.9628 
78 90 102 114 126 138 2.3 0 0 0 0 0 -10.8769 28.7902 
90 78 102 114 126 138 0 0 0 0 0 0 -9.99381 39.3151 
102 90 78 114 126 138 1.8 0 0 0 0 0 -10.46 31.6272 
114 90 102 78 126 138 3.4 0 0 0 0 0 -11.9153 20.9237 
126 90 102 114 78 138 4.7 0 0 0 0 0 -13.9027 11.1949 
138 90 102 114 126 78 64.7 0 0 0 0 0 -45.6149 -29.441 
79 91 103 115 127 139 2.1 0 0 0 0 0 -10.773 29.654 
91 79 103 115 127 139 0.1 0 0 0 0 0 -9.99464 38.4475 
103 91 79 115 127 139 1.9 0 0 0 0 0 -10.5425 30.7652 
115 91 103 79 127 139 3.5 0 0 0 0 0 -12.038 20.1635 
127 91 103 115 79 139 4.8 0 0 0 0 0 -14.0064 10.6532 
139 91 103 115 127 79 64.7 0 0 0 0 0 -48.1006 -31.8876 
80 92 104 116 128 140 2.2 0 0 0 0 0 -10.8399 29.2921 
92 80 104 116 128 140 0 0 0 0 0 0 -9.99081 38.8382 
104 92 80 116 128 140 1.8 0 0 0 0 0 -10.4788 31.1267 
116 92 104 80 128 140 3.4 0 0 0 0 0 -11.8121 20.8555 
128 92 104 116 80 140 4.6 0 0 0 0 0 -13.3509 12.1795 
140 92 104 116 128 80 64.7 0 0 0 0 0 -42.6278 -26.4426 
81 93 105 117 129 141 2.1 0 0 0 0 0 -10.736 30.1546 
93 81 105 117 129 141 0.2 0 0 0 0 0 -9.99492 37.9698 
105 93 81 117 129 141 2 0 0 0 0 0 -10.558 30.2889 
117 93 105 81 129 141 3.5 0 0 0 0 0 -11.9167 20.1479 
129 93 105 117 81 141 4.6 0 0 0 0 0 -13.4117 11.7265 
141 93 105 117 129 81 64.7 0 0 0 0 0 -44.8823 -28.627 
82 94 106 118 130 142 1.9 0 0 0 0 0 -10.6377 31.0182 
94 82 106 118 130 142 0.3 0 0 0 0 0 -10.0061 37.0951 
106 94 82 118 130 142 2.1 0 0 0 0 0 -10.6417 29.456 
118 94 106 82 130 142 3.6 0 0 0 0 0 -12.0207 19.4529 
130 94 106 118 82 142 4.7 0 0 0 0 0 -13.4701 11.2927 
142 94 106 118 130 82 64.8 0 0 0 0 0 -47.1696 -30.7647 
83 95 107 119 131 143 1.8 0 0 0 0 0 -10.5451 31.8812 
95 83 107 119 131 143 0.5 0 0 0 0 0 -10.0244 36.2137 
107 95 83 119 131 143 2.2 0 0 0 0 0 -10.7296 28.6278 
119 95 107 83 131 143 3.7 0 0 0 0 0 -12.1242 18.7662 
131 95 107 119 83 143 4.7 0 0 0 0 0 -13.5275 10.8769 
143 95 107 119 131 83 64.9 0 0 0 0 0 -49.4781 -32.8599 
84 96 108 120 132 144 1.9 0 0 0 0 0 -10.5902 31.5453 
96 84 108 120 132 144 0.4 0 0 0 0 0 -10.0096 36.5665 
108 96 84 120 132 144 2.1 0 0 0 0 0 -10.636 29.0655 
120 96 108 84 132 144 3.5 0 0 0 0 0 -11.8196 19.68 
132 96 108 120 84 144 4.4 0 0 0 0 0 -12.6859 12.8764 
144 96 108 120 132 84 64.8 0 0 0 0 0 -42.2681 -25.733 
85 97 109 121 133 145 1.7 0 0 0 0 0 -10.4998 32.3974 
97 85 109 121 133 145 0.6 0 0 0 0 0 -10.0301 35.6943 
109 97 85 121 133 145 2.2 0 0 0 0 0 -10.7167 28.272 
121 97 109 85 133 145 3.6 0 0 0 0 0 -11.8991 19.0567 
133 97 109 121 85 145 4.4 0 0 0 0 0 -12.6911 12.5658 
145 97 109 121 133 85 64.9 0 0 0 0 0 -44.2682 -27.507 
86 98 110 122 134 146 1.6 0 0 0 0 0 -10.4157 33.2491 
98 86 110 122 134 146 0.7 0 0 0 0 0 -10.0571 34.8222 
110 98 86 122 134 146 2.4 0 0 0 0 0 -10.8003 27.4863 
122 98 110 86 134 146 3.7 0 0 0 0 0 -11.9761 18.4493 
134 98 110 122 86 146 4.5 0 0 0 0 0 -12.6929 12.2768 
146 98 110 122 134 86 64.9 0 0 0 0 0 -46.2602 -29.2302 
87 99 111 123 135 147 1.4 0 0 0 0 0 -10.338 34.1006 
99 87 111 123 135 147 0.8 0 0 0 0 0 -10.0904 33.949 
111 99 87 123 135 147 2.5 0 0 0 0 0 -10.8864 26.7032 
123 99 111 87 135 147 3.8 0 0 0 0 0 -12.0506 17.8571 
135 99 111 123 87 147 4.5 0 0 0 0 0 -12.6931 12.008 
147 99 111 123 135 87 65 0 0 0 0 0 -48.2403 -30.9033 
88 100 112 124 136 148 1.5 0 0 0 0 0 -10.3682 33.7474 
100 88 112 124 136 148 0.8 0 0 0 0 0 -10.0619 34.3042 
112 100 88 124 136 148 2.4 0 0 0 0 0 -10.7527 27.2642 
124 100 112 88 136 148 3.5 0 0 0 0 0 -11.6511 19.0577 
136 100 112 124 88 148 4 0 0 0 0 0 -11.6539 14.6287 
148 100 112 124 136 88 65 0 0 0 0 0 -38.5873 -21.3474 
89 101 113 125 137 149 1.3 0 0 0 0 0 -10.294 34.5781 
101 89 113 125 137 149 0.9 0 0 0 0 0 -10.0953 33.4468 
113 101 89 125 137 149 2.5 0 0 0 0 0 -10.8272 26.5267 
125 101 113 89 137 149 3.6 0 0 0 0 0 -11.6959 18.5438 
137 101 113 125 89 149 4 0 0 0 0 0 -11.5949 14.4836 
149 101 113 125 137 89 65 0 0 0 0 0 -40.1761 -22.6319 
90 102 114 126 138 150 1.2 0 0 0 0 0 -10.2265 35.4051 
102 90 114 126 138 150 1.1 0 0 0 0 0 -10.1343 32.5914 
114 102 90 126 138 150 2.6 0 0 0 0 0 -10.9026 25.8008 
126 102 114 90 138 150 3.7 0 0 0 0 0 -11.7363 18.0487 
138 102 114 126 90 150 4 0 0 0 0 0 -11.5314 14.3621 
150 102 114 126 138 90 65.1 0 0 0 0 0 -41.7316 -23.8536 
91 103 115 127 139 151 1.1 0 0 0 0 0 -10.1656 36.2245 
103 91 115 127 139 151 1.2 0 0 0 0 0 -10.1786 31.7396 
115 103 91 127 139 151 2.7 0 0 0 0 0 -10.9788 25.0863 
127 103 115 91 139 151 3.7 0 0 0 0 0 -11.7724 17.5717 
139 103 115 127 91 151 4 0 0 0 0 0 -11.4654 14.2623 
151 103 115 127 139 91 65.1 0 0 0 0 0 -43.2551 -25.0198 
92 104 116 128 140 152 1.1 0 0 0 0 0 -10.1852 35.8169 
104 92 116 128 140 152 1.1 0 0 0 0 0 -10.1313 32.1393 
116 104 92 128 140 152 2.5 0 0 0 0 0 -10.794 25.8174 
128 104 116 92 140 152 3.4 0 0 0 0 0 -11.266 19.1432 
140 104 116 128 92 152 3.3 0 0 0 0 0 -10.2842 17.7113 
152 104 116 128 140 92 65.1 0 0 0 0 0 -29.9539 -11.7424 
93 105 117 129 141 153 1 0 0 0 0 0 -10.1281 36.6043 
105 93 117 129 141 153 1.2 0 0 0 0 0 -10.1728 31.3168 
117 105 93 129 141 153 2.6 0 0 0 0 0 -10.8536 25.1597 
129 105 117 93 141 153 3.5 0 0 0 0 0 -11.2674 18.7592 
141 105 117 129 93 153 3.3 0 0 0 0 0 -10.1646 17.7583 
153 105 117 129 141 93 65.2 0 0 0 0 0 -30.9915 -12.4463 
94 106 118 130 142 154 0.8 0 0 0 0 0 -10.0775 37.3846 
106 94 118 130 142 154 1.4 0 0 0 0 0 -10.2184 30.497 
118 106 94 130 142 154 2.7 0 0 0 0 0 -10.9123 24.517 
130 106 118 94 142 154 3.5 0 0 0 0 0 -11.2629 18.3968 
142 106 118 130 94 154 3.3 0 0 0 0 0 -10.0417 17.8301 
154 106 118 130 142 94 65.2 0 0 0 0 0 -31.9848 -13.0866 
95 107 119 131 143 155 0.7 0 0 0 0 0 -10.0334 38.158 
107 95 119 131 143 155 1.5 0 0 0 0 0 -10.2679 29.6827 
119 107 95 131 143 155 2.8 0 0 0 0 0 -10.9699 23.8855 
131 107 119 95 143 155 3.6 0 0 0 0 0 -11.2527 18.0549 
143 107 119 131 95 155 3.2 0 0 0 0 0 -9.91837 17.924 
155 107 119 131 143 95 65.3 0 0 0 0 0 -32.9389 -13.6688 
96 108 120 132 144 156 0.8 0 0 0 0 0 -10.0442 37.6507 
108 96 120 132 144 156 1.4 0 0 0 0 0 -10.1953 30.1705 
120 108 96 132 144 156 2.6 0 0 0 0 0 -10.7233 24.8463 
132 108 120 96 144 156 3.1 0 0 0 0 0 -10.6411 20.1065 
144 108 120 132 96 156 1.9 0 0 0 0 0 -8.89579 19.0421 
156 108 120 132 144 96 65.2 0 0 0 0 0 -14.436 -0.2456 
97 109 121 133 145 157 0.6 0 0 0 0 0 -10.0031 38.3834 
109 97 121 133 145 157 1.5 0 0 0 0 0 -10.2384 29.3961 
121 109 97 133 145 157 2.7 0 0 0 0 0 -10.7596 24.2833 
133 109 121 97 145 157 3.2 0 0 0 0 0 -10.594 19.8742 
145 109 121 133 97 157 1.8 0 0 0 0 0 -8.77253 17.4218 
157 109 121 133 145 97 65.3 0 0 0 0 0 -14.7737 -0.45297 
98 110 122 134 146 158 0.5 0 0 0 0 0 -9.96798 39.1057 
110 98 122 134 146 158 1.6 0 0 0 0 0 -10.2839 28.6324 
122 110 98 134 146 158 2.8 0 0 0 0 0 -10.7929 23.7376 
134 110 122 98 146 158 3.2 0 0 0 0 0 -10.5399 19.6662 
146 110 122 134 98 158 1.7 0 0 0 0 0 -8.66111 15.7318 
158 110 122 134 146 98 65.4 0 0 0 0 0 -15.0931 -0.739389 
99 111 123 135 147 159 0.4 0 0 0 0 0 -9.9388 39.8178 
111 99 123 135 147 159 1.7 0 0 0 0 0 -10.3317 27.8745 
123 111 99 135 147 159 2.8 0 0 0 0 0 -10.8231 23.2094 
135 111 123 99 147 159 3.2 0 0 0 0 0 -10.4792 19.4811 
147 111 123 135 99 159 1.6 0 0 0 0 0 -8.57093 13.9734 
159 111 123 135 147 99 65.4 0 0 0 0 0 -15.4035 -1.11542 
100 112 124 136 148 160 0.2 0 0 0 0 0 -9.91536 40.52 
112 100 124 136 148 160 1.9 0 0 0 0 0 -10.3814 27.1258 
124 112 100 136 148 160 2.9 0 0 0 0 0 -10.8502 22.6982 
136 112 124 100 148 160 3.2 0 0 0 0 0 -10.4126 19.3145 
148 112 124 136 100 160 1.4 0 0 0 0 0 -8.51638 12.1478 
160 112 124 136 148 100 65.5 0 0 0 0 0 -15.7176 -1.59182 
101 113 125 137 149 161 0 0 0 0 0 0 -9.89751 41.2127 
113 101 125 137 149 161 2 0 0 0 0 0 -10.4329 26.387 
125 113 101 137 149 161 3 0 0 0 0 0 -10.8741 22.2031 
137 113 125 101 149 161 3.2 0 0 0 0 0 -10.3407 19.1673 
149 113 125 137 101 161 1.3 0 0 0 0 0 -8.51947 10.2556 
161 113 125 137 149 101 65.5 0 0 0 0 0 -16.0519 -2.17985 
102 114 126 138 150 162 0 0 0 0 0 0 -9.88513 41.8948 
114 102 126 138 150 162 2.1 0 0 0 0 0 -10.486 25.6558 
126 114 102 138 150 162 3 0 0 0 0 0 -10.8948 21.7233 
138 114 126 102 150 162 3.2 0 0 0 0 0 -10.2647 19.0376 
150 114 126 138 102 162 1.1 0 0 0 0 0 -8.61324 8.29647 
162 114 126 138 150 102 65.6 0 0 0 0 0 -16.4265 -2.89121 
103 115 127 139 151 163 0.2 0 0 0 0 0 -9.87808 42.5656 
115 103 127 139 151 163 2.2 0 0 0 0 0 -10.5405 24.9304 
127 115 103 139 151 163 3.1 0 0 0 0 0 -10.9124 21.2556 
139 115 127 103 151 163 3.2 0 0 0 0 0 -10.1865 18.9229 
151 115 127 139 103 163 0.9 0 0 0 0 0 -8.84516 6.26946 
163 115 127 139 151 103 65.6 0 0 0 0 0 -16.8657 -3.73787 
104 116 128 140 152 164 0.3 0 0 0 0 0 -9.87624 43.2283 
116 104 128 140 152 164 2.3 0 0 0 0 0 -10.5962 24.2136 
128 116 104 140 152 164 3.2 0 0 0 0 0 -10.927 20.799 
140 116 128 104 152 164 3.2 0 0 0 0 0 -10.1096 18.821 
152 116 128 140 104 164 0.8 0 0 0 0 0 -9.27822 4.17265 
164 116 128 140 152 104 65.7 0 0 0 0 0 -17.3979 -4.73226 
105 117 129 141 153 165 0.4 0 0 0 0 0 -9.8795 43.8836 
117 105 129 141 153 165 2.4 0 0 0 0 0 -10.6532 23.5052 
129 117 105 141 153 165 3.2 0 0 0 0 0 -10.9389 20.3543 
141 117 129 105 153 165 3.2 0 0 0 0 0 -10.0401 18.7291 
153 117 129 141 105 165 0.6 0 0 0 0 0 -9.98551 2.00315 
165 117 129 141 153 105 65.7 0 0 0 0 0 -18.0556 -5.88727 
106 118 130 142 154 166 0.5 0 0 0 0 0 -9.88775 44.532 
118 106 130 142 154 166 2.5 0 0 0 0 0 -10.7113 22.799 
130 118 106 142 154 166 3.3 0 0 0 0 0 -10.9485 19.9203 
142 118 130 106 154 166 3.2 0 0 0 0 0 -9.99047 17.6794 
154 118 130 142 106 166 135.7 0 0 0 0 0 -11.0348 -0.243183 
166 118 130 142 154 106 148.8 0 0 0 0 0 -18.875 -7.21637 
107 119 131 143 155 167 0.7 0 0 0 0 0 -9.90091 45.1743 
119 107 131 143 155 167 2.6 0 0 0 0 0 -10.7705 22.0999 
131 119 107 143 155 167 3.3 0 0 0 0 0 -10.9562 19.4954 
143 119 131 107 155 167 3.2 0 0 0 0 0 -9.98533 14.3969 
155 119 131 143 107 167 135.2 0 0 0 0 0 -12.467 -2.57183 
167 119 131 143 155 107 147.7 0 0 0 0 0 -19.894 -8.73348 
108 120 132 144 156 168 0.8 0 0 0 0 0 -9.91891 45.8113 
120 108 132 144 156 168 2.7 0 0 0 0 0 -10.8308 21.407 
132 120 108 144 156 168 3.4 0 0 0 0 0 -10.9632 19.0779 
144 120 132 108 156 168 3.2 0 0 0 0 0 -10.0744 11.0126 
156 120 132 144 108 168 134.7 0 0 0 0 0 -14.2817 -4.98925 
168 120 132 144 156 108 146.7 0 0 0 0 0 -21.1509 -10.4533 
109 121 133 145 157 169 0.9 0 0 0 0 0 -9.9417 46.444 
121 109 133 145 157 169 2.8 0 0 0 0 0 -10.8924 20.7158 
133 121 109 145 157 169 3.4 0 0 0 0 0 -10.9712 18.666 
145 121 133 109 157 169 3.2 0 0 0 0 0 -10.3541 7.52585 
157 121 133 145 109 169 134.3 0 0 0 0 0 -16.4421 -7.50351 
169 121 133 145 157 109 146 0 0 0 0 0 -22.6812 -12.3916 
110 122 134 146 158 170 1.1 0 0 0 0 0 -9.96924 47.0733 
122 110 134 146 158 170 2.9 0 0 0 0 0 -10.9554 20.0276 
134 122 110 146 158 170 3.5 0 0 0 0 0 -10.9839 18.2555 
146 122 134 110 158 170 3.2 0 0 0 0 0 -10.9932 3.93455 
158 122 134 146 110 170 133.9 0 0 0 0 0 -18.8948 -10.1243 
170 122 134 146 158 110 145.3 0 0 0 0 0 -24.5152 -14.5652 
111 123 135 147 159 171 1.2 0 0 0 0 0 -10.0015 47.7004 
123 111 135 147 159 171 3 0 0 0 0 0 -11.0201 19.3429 
135 123 111 147 159 171 3.6 0 0 0 0 0 -11.009 17.8449 
147 123 135 111 159 171 3.2 0 0 0 0 0 -12.2278 0.236054 
159 123 135 147 111 171 133.6 0 0 0 0 0 -21.5901 -12.8628 
171 123 135 147 159 111 144.7 0 0 0 0 0 -26.677 -16.992 
112 124 136 148 160 172 1.3 0 0 0 0 0 -10.0386 48.3238 
124 112 136 148 160 172 3.1 0 0 0 0 0 -11.087 18.6578 
136 124 112 148 160 172 3.6 0 0 0 0 0 -11.0641 17.2445 
148 124 136 112 160 172 118.4 0 0 0 0 0 -14.2642 -3.57303 
160 124 136 148 112 172 133.3 0 0 0 0 0 -24.4925 -15.732 
172 124 136 148 160 112 144.3 0 0 0 0 0 -29.1849 -19.6925 
113 125 137 149 161 173 1.4 0 0 0 0 0 -10.0806 45.6599 
125 113 137 149 161 173 3.2 0 0 0 0 0 -11.1571 17.9713 
137 125 113 149 161 173 3.7 0 0 0 0 0 -11.1902 13.0844 
149 125 137 113 161 173 118.3 0 0 0 0 0 -17.1302 -7.49771 
161 125 137 149 113 173 133.1 0 0 0 0 0 -27.5835 -18.7467 
173 125 137 149 161 113 143.8 0 0 0 0 0 -32.0537 -22.6887 
114 126 138 150 162 174 1.6 0 0 0 0 0 -10.1276 42.0846 
126 114 138 150 162 174 3.3 0 0 0 0 0 -11.2319 17.2844 
138 126 114 150 162 174 3.7 0 0 0 0 0 -11.4808 8.80925 
150 126 138 114 162 174 118.2 0 0 0 0 0 -20.6624 -11.5439 
162 126 138 150 114 174 132.8 0 0 0 0 0 -30.8587 -21.9247 
174 126 138 150 162 114 143.5 0 0 0 0 0 -35.2979 -26.0064 
115 127 139 151 163 175 1.7 0 0 0 0 0 -10.1801 38.3838 
127 115 139 151 163 175 3.4 0 0 0 0 0 -11.3155 16.5933 
139 127 115 151 163 175 3.8 0 0 0 0 0 -12.1336 4.41685 
151 127 139 115 163 175 118.2 0 0 0 0 0 -24.6497 -15.7194 
163 127 139 151 115 175 132.6 0 0 0 0 0 -34.3256 -25.286 
175 127 139 151 163 115 143.2 0 0 0 0 0 -38.935 -29.6746 
116 128 140 152 164 176 1.8 0 0 0 0 0 -10.2388 34.5593 
128 116 140 152 164 176 3.5 0 0 0 0 0 -11.4165 15.8957 
140 128 116 152 164 176 3.9 0 0 0 0 0 -13.4862 -0.0945575 
152 128 140 116 164 176 118.2 0 0 0 0 0 -28.9406 -20.0329 
164 128 140 152 116 176 132.4 0 0 0 0 0 -38.0007 -28.8544 
176 128 140 152 164 116 142.9 0 0 0 0 0 -42.9888 -33.7282 
117 129 141 153 165 177 2 0 0 0 0 0 -10.3052 30.6129 
129 117 141 153 165 177 3.6 0 0 0 0 0 -11.5564 15.1926 
141 129 117 153 165 177 104.7 0 0 0 0 0 -15.8916 -4.72811 
153 129 141 117 165 177 118.2 0 0 0 0 0 -33.4561 -24.4955 
165 129 141 153 117 177 132.3 0 0 0 0 0 -41.909 -32.659 
177 129 141 153 165 117 142.7 0 0 0 0 0 -47.4922 -38.2092 
118 130 142 154 166 178 2.1 0 0 0 0 0 -10.3828 26.546 
130 118 142 154 166 178 3.7 0 0 0 0 0 -11.7874 12.2487 
142 130 118 154 166 178 104.8 0 0 0 0 0 -19.4137 -9.48835 
154 130 142 118 166 178 118.2 0 0 0 0 0 -38.1654 -29.1204 
166 130 142 154 118 178 132.1 0 0 0 0 0 -46.0846 -36.7354 
178 130 142 154 166 118 142.5 0 0 0 0 0 -52.4904 -43.1699 
119 131 143 155 167 179 2.2 0 0 0 0 0 -10.4797 22.3599 
131 119 143 155 167 179 3.8 0 0 0 0 0 -12.2353 7.57171 
143 131 119 155 167 179 104.8 0 0 0 0 0 -23.7733 -14.3799 
155 131 143 119 167 179 118.2 0 0 0 0 0 -43.0645 -33.9232 
167 131 143 155 119 179 132 0 0 0 0 0 -50.573 -41.1299 
179 131 143 155 167 119 142.4 0 0 0 0 0 -58.0453 -48.6772 
