30 46 62 78 94 110 0.9 0 0 0 0 0 36.5702 -0.0553914 
46 30 62 78 94 110 2.7 0 0 0 0 0 35.4399 40.6476 
62 46 30 78 94 110 2.5 0 0 0 0 0 34.9466 50.1189 
78 46 62 30 94 110 0.2 0 0 0 0 0 35.528 57.2569 
94 46 62 78 30 110 3 0 0 0 0 0 34.0798 41.1059 
110 46 62 78 94 30 8.7 0 0 0 0 0 14.4233 -4.99463 
31 47 63 79 95 111 0.4 0 0 0 0 0 36.5975 -0.0118256 
47 31 63 79 95 111 2.7 0 0 0 0 0 35.3732 41.7613 
63 47 31 79 95 111 2.3 0 0 0 0 0 34.9987 50.9333 
79 47 63 31 95 111 0 0 0 0 0 0 35.5188 56.3982 
95 47 63 79 31 111 3.1 0 0 0 0 0 33.8996 39.992 
111 47 63 79 95 31 8.8 0 0 0 0 0 14.0008 -5.99918 
32 48 64 80 96 112 0 0 0 0 0 0 36.5905 0 
48 32 64 80 96 112 3.7 0 0 0 0 0 34.5555 40.7644 
64 48 32 80 96 112 2.6 0 0 0 0 0 34.777 49.8401 
80 48 64 32 96 112 0 0 0 0 0 0 35.5172 57.6019 
96 48 64 80 32 112 3.1 0 0 0 0 0 33.9649 40.4505 
112 48 64 80 96 32 8.9 0 0 0 0 0 13.5786 -7.00257 
33 49 65 81 97 113 0.4 0 0 0 0 0 36.5552 -0.0141 
49 33 65 81 97 113 3.7 0 0 0 0 0 34.5174 41.1067 
65 49 33 81 97 113 2.5 0 0 0 0 0 34.8471 50.7056 
81 49 65 33 97 113 0.1 0 0 0 0 0 35.5059 56.6913 
97 49 65 81 33 113 3.3 0 0 0 0 0 33.7818 39.3307 
113 49 65 81 97 33 9 0 0 0 0 0 13.1565 -8.00015 
34 50 66 82 98 114 0.8 0 0 0 0 0 36.4973 -0.0484994 
50 34 66 82 98 114 3.6 0 0 0 0 0 34.4906 41.4912 
66 50 34 82 98 114 2.3 0 0 0 0 0 34.9171 51.595 
82 50 66 34 98 114 0.3 0 0 0 0 0 35.4855 55.7574 
98 50 66 82 34 114 3.4 0 0 0 0 0 33.5889 38.2001 
114 50 66 82 98 34 9.1 0 0 0 0 0 12.7342 -8.99226 
35 51 67 83 99 115 1.1 0 0 0 0 0 36.4218 -0.0981141 
51 35 67 83 99 115 3.6 0 0 0 0 0 34.4749 41.9185 
67 51 35 83 99 115 2.2 0 0 0 0 0 34.9864 52.5084 
83 51 67 35 99 115 0.5 0 0 0 0 0 35.4555 54.8 
99 51 67 83 35 115 3.6 0 0 0 0 0 33.3864 37.0625 
115 51 67 83 99 35 9.2 0 0 0 0 0 12.3114 -9.98276 
36 52 68 84 100 116 1.3 0 0 0 0 0 36.3335 -0.158239 
52 36 68 84 100 116 4.2 0 0 0 0 0 33.7048 39.3616 
68 52 36 84 100 116 2.4 0 0 0 0 0 34.8276 51.6873 
84 52 68 36 100 116 0.4 0 0 0 0 0 35.4662 55.6991 
100 52 68 84 36 116 3.6 0 0 0 0 0 33.4711 37.481 
116 52 68 84 100 36 9.3 0 0 0 0 0 11.8876 -10.9708 
37 53 69 85 101 117 1.6 0 0 0 0 0 36.2365 -0.225115 
53 37 69 85 101 117 4.1 0 0 0 0 0 33.726 39.8827 
69 53 37 85 101 117 2.3 0 0 0 0 0 34.9093 52.6383 
85 53 69 37 101 117 0.6 0 0 0 0 0 35.4318 54.7042 
101 53 69 85 37 117 3.7 0 0 0 0 0 33.2689 36.3522 
117 53 69 85 101 37 9.3 0 0 0 0 0 11.4623 -11.9548 
38 54 70 86 102 118 1.8 0 0 0 0 0 36.1345 -0.294792 
54 38 70 86 102 118 4 0 0 0 0 0 33.7571 40.4404 
70 54 38 86 102 118 2.1 0 0 0 0 0 34.9883 53.6084 
86 54 70 38 102 118 0.7 0 0 0 0 0 35.3874 53.691 
102 54 70 86 38 118 3.9 0 0 0 0 0 33.0583 35.2211 
118 54 70 86 102 38 9.4 0 0 0 0 0 11.0347 -12.9364 
39 55 71 87 103 119 1.9 0 0 0 0 0 36.0308 -0.364238 
55 39 71 87 103 119 4 0 0 0 0 0 33.7976 41.0351 
71 55 39 87 103 119 2 0 0 0 0 0 35.064 54.5977 
87 55 71 39 103 119 0.9 0 0 0 0 0 35.3325 52.6594 
103 55 71 87 39 119 4.1 0 0 0 0 0 32.8394 34.0856 
119 55 71 87 103 39 9.5 0 0 0 0 0 10.6041 -13.9196 
40 56 72 88 104 120 4.2 0 0 0 0 0 34.6726 23.1031 
56 40 72 88 104 120 4.4 0 0 0 0 0 33.1696 39.1268 
72 56 40 88 104 120 2.1 0 0 0 0 0 34.9569 53.9724 
88 56 72 40 104 120 0.9 0 0 0 0 0 35.3527 53.3394 
104 56 72 88 40 120 4 0 0 0 0 0 32.9554 34.5168 
120 56 72 88 104 40 9.4 0 0 0 0 0 11.2742 -12.8947 
41 57 73 89 105 121 4.2 0 0 0 0 0 34.5247 24.1022 
57 41 73 89 105 121 4.3 0 0 0 0 0 33.2442 39.7976 
73 57 41 89 105 121 2 0 0 0 0 0 35.0395 54.9864 
89 57 73 41 105 121 1 0 0 0 0 0 35.2924 52.2838 
105 57 73 89 41 121 4.2 0 0 0 0 0 32.7413 33.3992 
121 57 73 89 105 41 9.5 0 0 0 0 0 10.8796 -13.8232 
42 58 74 90 106 122 4.2 0 0 0 0 0 34.3912 25.0225 
58 42 74 90 106 122 4.2 0 0 0 0 0 33.3261 40.4995 
74 58 42 90 106 122 1.8 0 0 0 0 0 35.1171 56.0148 
90 58 74 42 106 122 1.2 0 0 0 0 0 35.2217 51.2147 
106 58 74 90 42 122 4.3 0 0 0 0 0 32.5207 32.2836 
122 58 74 90 106 42 9.6 0 0 0 0 0 10.4844 -14.7444 
43 59 75 91 107 123 4.3 0 0 0 0 0 34.273 25.864 
59 43 75 91 107 123 4.1 0 0 0 0 0 33.4151 41.233 
75 59 43 91 107 123 1.6 0 0 0 0 0 35.1892 57.0577 
91 59 75 43 107 123 1.4 0 0 0 0 0 35.1403 50.1268 
107 59 75 91 43 123 4.5 0 0 0 0 0 32.2937 31.1702 
123 59 75 91 107 43 9.7 0 0 0 0 0 10.0875 -15.6607 
44 60 76 92 108 124 5.2 0 0 0 0 0 32.4982 28.6661 
60 44 76 92 108 124 4.4 0 0 0 0 0 32.9307 39.8037 
76 60 44 92 108 124 1.7 0 0 0 0 0 35.1214 56.5639 
92 60 76 44 108 124 1.4 0 0 0 0 0 35.17 50.6636 
108 60 76 92 44 124 4.4 0 0 0 0 0 32.4562 31.6661 
124 60 76 92 108 44 9.6 0 0 0 0 0 10.9624 -14.3481 
45 61 77 93 109 125 5.2 0 0 0 0 0 32.4233 29.2764 
61 45 77 93 109 125 4.3 0 0 0 0 0 33.0475 40.5973 
77 61 45 93 109 125 1.6 0 0 0 0 0 35.1957 57.6189 
93 61 77 45 109 125 1.6 0 0 0 0 0 35.0836 49.5646 
109 61 77 93 45 125 4.6 0 0 0 0 0 32.2396 30.5876 
125 61 77 93 109 45 9.6 0 0 0 0 0 10.6123 -15.1956 
46 62 78 94 110 126 5.2 0 0 0 0 0 32.3647 29.9452 
62 46 78 94 110 126 4.1 0 0 0 0 0 33.169 41.4169 
78 62 46 94 110 126 1.4 0 0 0 0 0 35.2631 58.6785 
94 62 78 46 110 126 1.7 0 0 0 0 0 34.9869 48.457 
110 62 78 94 46 126 4.7 0 0 0 0 0 32.0188 29.5129 
126 62 78 94 110 46 9.7 0 0 0 0 0 10.2629 -16.0339 
47 63 79 95 111 127 5.2 0 0 0 0 0 32.3228 30.6751 
63 47 79 95 111 127 4 0 0 0 0 0 33.2946 42.2628 
79 63 47 95 111 127 1.2 0 0 0 0 0 35.323 59.7469 
95 63 79 47 111 127 1.9 0 0 0 0 0 34.8798 47.3406 
111 63 79 95 47 127 4.9 0 0 0 0 0 31.7938 28.4416 
127 63 79 95 111 47 9.8 0 0 0 0 0 9.91277 -16.8623 
48 64 80 96 112 128 5.8 0 0 0 0 0 30.857 26.5637 
64 48 80 96 112 128 4.2 0 0 0 0 0 32.9334 41.1893 
80 64 48 96 112 128 1.3 0 0 0 0 0 35.2835 59.3297 
96 64 80 48 112 128 1.9 0 0 0 0 0 34.9221 47.7899 
112 64 80 96 48 128 4.8 0 0 0 0 0 32.0216 29.0605 
128 64 80 96 112 48 9.6 0 0 0 0 0 11.0609 -15.1614 
49 65 81 97 113 129 5.7 0 0 0 0 0 30.8659 27.432 
65 49 81 97 113 129 4.1 0 0 0 0 0 33.08 42.0807 
81 65 49 97 113 129 1.1 0 0 0 0 0 35.342 60.3981 
97 65 81 49 113 129 2 0 0 0 0 0 34.8117 46.6753 
113 65 81 97 49 129 4.9 0 0 0 0 0 31.8139 28.0377 
129 65 81 97 113 49 9.7 0 0 0 0 0 10.7709 -15.9011 
50 66 82 98 114 130 5.7 0 0 0 0 0 30.8897 28.3532 
66 50 82 98 114 130 4 0 0 0 0 0 33.2284 42.9932 
82 66 50 98 114 130 1 0 0 0 0 0 35.392 61.4719 
98 66 82 50 114 130 2.2 0 0 0 0 0 34.6918 45.5568 
114 66 82 98 50 130 5.1 0 0 0 0 0 31.6043 27.0262 
130 66 82 98 114 50 9.8 0 0 0 0 0 10.4824 -16.6271 
51 67 83 99 115 131 5.6 0 0 0 0 0 30.9283 29.3278 
67 51 83 99 115 131 3.9 0 0 0 0 0 33.378 43.9269 
83 67 51 99 115 131 0.8 0 0 0 0 0 35.4332 62.5511 
99 67 83 51 115 131 2.4 0 0 0 0 0 34.5625 44.4333 
115 67 83 99 51 131 5.2 0 0 0 0 0 31.3932 26.0248 
131 67 83 99 115 51 9.8 0 0 0 0 0 10.1933 -17.3438 
52 68 84 100 116 132 6 0 0 0 0 0 29.7859 26.2743 
68 52 84 100 116 132 4 0 0 0 0 0 33.1157 43.1146 
84 68 52 100 116 132 0.9 0 0 0 0 0 35.4134 62.1555 
100 68 84 52 116 132 2.3 0 0 0 0 0 34.6237 44.8525 
116 68 84 100 52 132 5.1 0 0 0 0 0 31.7084 26.8262 
132 68 84 100 116 52 9.6 0 0 0 0 0 11.7031 -15.1231 
53 69 85 101 117 133 6 0 0 0 0 0 29.8706 27.3584 
69 53 85 101 117 133 3.9 0 0 0 0 0 33.2796 44.0802 
85 69 53 101 117 133 0.7 0 0 0 0 0 35.4507 63.2226 
101 69 85 53 117 133 2.5 0 0 0 0 0 34.4941 43.7403 
117 69 85 101 53 133 5.2 0 0 0 0 0 31.522 25.8844 
133 69 85 101 117 53 9.7 0 0 0 0 0 11.4903 -15.7305 
54 70 86 102 118 134 5.9 0 0 0 0 0 29.9675 28.4818 
70 54 86 102 118 134 3.7 0 0 0 0 0 33.4427 45.0593 
86 70 54 102 118 134 0.5 0 0 0 0 0 35.4786 62.9308 
102 70 86 54 118 134 2.7 0 0 0 0 0 34.3564 42.6267 
118 70 86 102 54 134 5.3 0 0 0 0 0 31.3367 24.9563 
134 70 86 102 118 54 9.8 0 0 0 0 0 11.2791 -16.3199 
55 71 87 103 119 135 5.8 0 0 0 0 0 30.0764 29.65 
71 55 87 103 119 135 3.6 0 0 0 0 0 33.6044 46.0515 
87 71 55 103 119 135 0.3 0 0 0 0 0 35.4969 61.9043 
103 71 87 55 119 135 2.9 0 0 0 0 0 34.2106 41.5136 
119 71 87 103 55 135 5.5 0 0 0 0 0 31.1525 24.0432 
135 71 87 103 119 55 9.8 0 0 0 0 0 11.0659 -16.8931 
56 72 88 104 120 136 6.1 0 0 0 0 0 29.2047 27.3616 
72 56 88 104 120 136 3.7 0 0 0 0 0 33.4179 45.4263 
88 72 56 104 120 136 0.4 0 0 0 0 0 35.4912 62.5694 
104 72 88 56 120 136 2.8 0 0 0 0 0 34.3003 41.957 
120 72 88 104 56 136 5.3 0 0 0 0 0 31.5796 25.0974 
136 72 88 104 120 56 9.6 0 0 0 0 0 13.0539 -13.9859 
57 73 89 105 121 137 6 0 0 0 0 0 29.352 28.6144 
73 57 89 105 121 137 3.6 0 0 0 0 0 33.5879 46.4375 
89 73 57 105 121 137 0.2 0 0 0 0 0 35.5043 61.5252 
105 73 89 57 121 137 3 0 0 0 0 0 34.1585 40.8712 
121 73 89 105 57 137 5.4 0 0 0 0 0 31.4283 24.2625 
137 73 89 105 121 57 9.6 0 0 0 0 0 12.9367 -14.4268 
58 74 90 106 122 138 5.9 0 0 0 0 0 29.5084 29.9029 
74 58 90 106 122 138 3.4 0 0 0 0 0 33.7548 47.4603 
90 74 58 106 122 138 0 0 0 0 0 0 35.5077 60.4709 
106 74 90 58 122 138 3.1 0 0 0 0 0 34.0104 39.7904 
122 74 90 106 58 138 5.5 0 0 0 0 0 31.2808 23.4471 
138 74 90 106 122 58 9.6 0 0 0 0 0 12.8198 -14.8467 
59 75 91 107 123 139 5.8 0 0 0 0 0 29.6737 30.7433 
75 59 91 107 123 139 3.3 0 0 0 0 0 33.9179 48.4948 
91 75 59 107 123 139 0.2 0 0 0 0 0 35.5012 59.4019 
107 75 91 59 123 139 3.3 0 0 0 0 0 33.8562 38.7114 
123 75 91 107 59 139 5.6 0 0 0 0 0 31.1373 22.6454 
139 75 91 107 123 59 9.7 0 0 0 0 0 12.6971 -15.2481 
60 76 92 108 124 140 6 0 0 0 0 0 29.0169 29.3319 
76 60 92 108 124 140 3.4 0 0 0 0 0 33.7872 47.9898 
92 76 60 108 124 140 0.1 0 0 0 0 0 35.5072 59.9381 
108 76 92 60 124 140 3.2 0 0 0 0 0 33.9868 39.233 
124 76 92 108 60 140 5.3 0 0 0 0 0 31.7021 24.0355 
140 76 92 108 124 60 9.4 0 0 0 0 0 15.317 -11.4145 
61 77 93 109 125 141 5.9 0 0 0 0 0 29.2122 30.1492 
77 61 93 109 125 141 3.2 0 0 0 0 0 33.9537 49.0309 
93 77 61 109 125 141 0.3 0 0 0 0 0 35.4957 58.8634 
109 77 93 61 125 141 3.4 0 0 0 0 0 33.842 38.1913 
125 77 93 109 61 141 5.4 0 0 0 0 0 31.5996 23.3286 
141 77 93 109 125 61 9.4 0 0 0 0 0 15.3139 -11.6572 
62 78 94 110 126 142 5.8 0 0 0 0 0 29.4138 30.9884 
78 62 94 110 126 142 3.1 0 0 0 0 0 34.1151 50.0791 
94 78 62 110 126 142 0.5 0 0 0 0 0 35.4747 57.7827 
110 78 94 62 126 142 3.5 0 0 0 0 0 33.693 37.1592 
126 78 94 110 62 142 5.5 0 0 0 0 0 31.5035 22.6454 
142 78 94 110 126 62 9.4 0 0 0 0 0 15.3073 -11.8769 
63 79 95 111 127 143 5.7 0 0 0 0 0 29.6213 31.8448 
79 63 95 111 127 143 2.9 0 0 0 0 0 34.2709 51.1344 
95 79 63 111 127 143 0.7 0 0 0 0 0 35.4441 56.6962 
111 79 95 63 127 143 3.7 0 0 0 0 0 33.5402 36.1363 
127 79 95 111 63 143 5.6 0 0 0 0 0 31.4139 21.9848 
143 79 95 111 127 63 9.4 0 0 0 0 0 15.2871 -12.0767 
64 80 96 112 128 144 5.9 0 0 0 0 0 29.1309 30.778 
80 64 96 112 128 144 3 0 0 0 0 0 34.1795 50.6928 
96 80 64 112 128 144 0.6 0 0 0 0 0 35.4625 57.1591 
112 80 96 64 128 144 3.5 0 0 0 0 0 33.7268 36.7895 
128 80 96 112 64 144 5.3 0 0 0 0 0 32.1404 23.8065 
144 80 96 112 128 64 9 0 0 0 0 0 18.7362 -6.95792 
65 81 97 113 129 145 5.8 0 0 0 0 0 29.3605 31.6724 
81 65 97 113 129 145 2.8 0 0 0 0 0 34.3348 51.7426 
97 81 65 113 129 145 0.8 0 0 0 0 0 35.4284 56.0802 
113 81 97 65 129 145 3.7 0 0 0 0 0 33.5896 35.8204 
129 81 97 113 65 145 5.3 0 0 0 0 0 32.099 23.2587 
145 81 97 113 129 65 9 0 0 0 0 0 18.8579 -6.9686 
66 82 98 114 130 146 5.7 0 0 0 0 0 29.5934 32.5842 
82 66 98 114 130 146 2.7 0 0 0 0 0 34.4835 52.7951 
98 82 66 114 130 146 1 0 0 0 0 0 35.3855 55.0002 
114 82 98 66 130 146 3.8 0 0 0 0 0 33.4508 34.8638 
130 82 98 114 66 146 5.4 0 0 0 0 0 32.0664 22.7382 
146 82 98 114 130 66 9 0 0 0 0 0 18.9655 -6.9553 
67 83 99 115 131 147 5.6 0 0 0 0 0 29.8295 33.5134 
83 67 99 115 131 147 2.5 0 0 0 0 0 34.6253 53.8504 
99 83 67 115 131 147 1.1 0 0 0 0 0 35.3339 53.9191 
115 83 99 67 131 147 4 0 0 0 0 0 33.3107 33.9161 
131 83 99 115 67 147 5.5 0 0 0 0 0 32.0425 22.2419 
147 83 99 115 131 67 9 0 0 0 0 0 19.0406 -6.9222 
68 84 100 116 132 148 5.7 0 0 0 0 0 29.4657 32.6929 
84 68 100 116 132 148 2.6 0 0 0 0 0 34.5605 53.4194 
100 84 68 116 132 148 1 0 0 0 0 0 35.3685 54.3636 
116 84 100 68 132 148 3.8 0 0 0 0 0 33.5701 34.764 
132 84 100 116 68 148 5 0 0 0 0 0 32.9434 24.6232 
148 84 100 116 132 68 8.2 0 0 0 0 0 23.5543 0.0593373 
69 85 101 117 133 149 5.6 0 0 0 0 0 29.7167 33.6468 
85 69 101 117 133 149 2.4 0 0 0 0 0 34.699 54.457 
101 85 69 117 133 149 1.2 0 0 0 0 0 35.316 53.3024 
117 85 101 69 133 149 3.9 0 0 0 0 0 33.4523 33.8843 
133 85 101 117 69 149 5 0 0 0 0 0 32.972 24.2615 
149 85 101 117 133 69 8.2 0 0 0 0 0 23.7704 0.0932716 
70 86 102 118 134 150 5.4 0 0 0 0 0 29.9687 34.6135 
86 70 102 118 134 150 2.2 0 0 0 0 0 34.8298 55.4931 
102 86 70 118 134 150 1.4 0 0 0 0 0 35.2561 52.2423 
118 86 102 70 134 150 4 0 0 0 0 0 33.3357 33.0227 
134 86 102 118 70 150 5 0 0 0 0 0 33.0109 23.9285 
150 86 102 118 134 70 8.1 0 0 0 0 0 23.9389 -1.82274 
71 87 103 119 135 151 5.3 0 0 0 0 0 30.2212 35.593 
87 71 103 119 135 151 2.1 0 0 0 0 0 34.953 56.5276 
103 87 71 119 135 151 1.6 0 0 0 0 0 35.1889 51.1817 
119 87 103 71 135 151 4.2 0 0 0 0 0 33.2204 32.1787 
135 87 103 119 71 151 5.1 0 0 0 0 0 33.0597 23.623 
151 87 103 119 135 71 8.1 0 0 0 0 0 24.0218 -3.84647 
72 88 104 120 136 152 5.4 0 0 0 0 0 29.9514 34.9433 
88 72 104 120 136 152 2.1 0 0 0 0 0 34.9055 56.0561 
104 88 72 120 136 152 1.5 0 0 0 0 0 35.246 51.6631 
120 88 104 72 136 152 3.9 0 0 0 0 0 33.5696 33.287 
136 88 104 120 72 152 4.3 0 0 0 0 0 34.1106 26.7344 
152 88 104 120 136 72 6.7 0 0 0 0 0 29.8404 1.01781 
73 89 105 121 137 153 5.3 0 0 0 0 0 30.2128 35.9349 
89 73 105 121 137 153 2 0 0 0 0 0 35.0237 57.0597 
105 89 73 121 137 153 1.6 0 0 0 0 0 35.1816 50.6348 
121 89 105 73 137 153 4 0 0 0 0 0 33.4835 32.526 
137 89 105 121 73 153 4.3 0 0 0 0 0 34.2088 26.588 
153 89 105 121 137 73 6.6 0 0 0 0 0 30.0143 -0.24846 
74 90 106 122 138 154 5.2 0 0 0 0 0 30.4729 36.9349 
90 74 106 122 138 154 1.8 0 0 0 0 0 35.1339 58.0533 
106 90 74 122 138 154 1.8 0 0 0 0 0 35.1114 49.6143 
122 90 106 74 138 154 4.1 0 0 0 0 0 33.4011 31.7852 
138 90 106 122 74 154 4.3 0 0 0 0 0 34.3172 26.4736 
154 90 106 122 138 74 6.5 0 0 0 0 0 30.0808 -1.59438 
75 91 107 123 139 155 5 0 0 0 0 0 30.7314 37.9432 
91 75 107 123 139 155 1.7 0 0 0 0 0 35.2361 59.0412 
107 91 75 123 139 155 1.9 0 0 0 0 0 35.0358 48.6014 
123 91 107 75 139 155 4.2 0 0 0 0 0 33.3227 31.0629 
139 91 107 123 75 155 4.3 0 0 0 0 0 34.4351 26.39 
155 91 107 123 139 75 6.4 0 0 0 0 0 29.9944 -3.02369 
76 92 108 124 140 156 5.1 0 0 0 0 0 30.5295 37.4005 
92 76 108 124 140 156 1.7 0 0 0 0 0 35.1998 58.4825 
108 92 76 124 140 156 1.8 0 0 0 0 0 35.1241 49.1692 
124 92 108 76 140 156 3.9 0 0 0 0 0 33.7757 32.5164 
140 92 108 124 76 156 3.1 0 0 0 0 0 35.4788 30.4643 
156 92 108 124 140 76 1 0 0 0 0 0 37.0565 -0.0534127 
77 93 109 125 141 157 5 0 0 0 0 0 30.7918 38.4089 
93 77 109 125 141 157 1.6 0 0 0 0 0 35.2966 59.4285 
109 93 77 125 141 157 2 0 0 0 0 0 35.0559 48.2013 
125 93 109 77 141 157 4 0 0 0 0 0 33.7326 31.8938 
141 93 109 125 77 157 3 0 0 0 0 0 35.62 29.8128 
157 93 109 125 141 77 0.2 0 0 0 0 0 37.1113 -0.00282748 
78 94 110 126 142 158 4.9 0 0 0 0 0 31.0509 39.4213 
94 78 110 126 142 158 1.4 0 0 0 0 0 35.3854 60.3645 
110 94 78 126 142 158 2.1 0 0 0 0 0 34.9841 47.2454 
126 94 110 78 142 158 4.1 0 0 0 0 0 33.6957 31.2974 
142 94 110 126 78 158 2.9 0 0 0 0 0 35.7669 28.0001 
158 94 110 126 142 78 0.6 0 0 0 0 0 37.0976 -0.0174791 
79 95 111 127 143 159 4.7 0 0 0 0 0 31.3068 40.4378 
95 79 111 127 143 159 1.3 0 0 0 0 0 35.4664 61.2908 
111 95 79 127 143 159 2.2 0 0 0 0 0 34.9089 46.2973 
127 95 111 79 143 159 4.2 0 0 0 0 0 33.6651 30.7264 
143 95 111 127 79 159 2.7 0 0 0 0 0 35.9179 26.1251 
159 95 111 127 143 79 1.7 0 0 0 0 0 37.0048 -0.107919 
80 96 112 128 144 160 4.6 0 0 0 0 0 31.5592 41.4527 
96 80 112 128 144 160 1.1 0 0 0 0 0 35.5396 62.2077 
112 96 80 128 144 160 2.4 0 0 0 0 0 34.8307 45.3589 
128 96 112 80 144 160 4.2 0 0 0 0 0 33.6407 30.1797 
144 96 112 128 80 160 2.6 0 0 0 0 0 36.0711 24.1915 
160 96 112 128 144 80 3 0 0 0 0 0 36.8219 -0.285165 
81 97 113 129 145 161 4.5 0 0 0 0 0 31.8081 42.4717 
97 81 113 129 145 161 0.9 0 0 0 0 0 35.6052 63.1155 
113 97 81 129 145 161 2.5 0 0 0 0 0 34.7498 44.4317 
129 97 113 81 145 161 4.3 0 0 0 0 0 33.6226 29.6559 
145 97 113 129 81 161 2.5 0 0 0 0 0 36.2243 22.2029 
161 97 113 129 145 81 4.6 0 0 0 0 0 36.5375 -0.560776 
82 98 114 130 146 162 4.3 0 0 0 0 0 32.0533 43.495 
98 82 114 130 146 162 0.8 0 0 0 0 0 35.6633 64.0146 
114 98 82 130 146 162 2.7 0 0 0 0 0 34.6664 43.5153 
130 98 114 82 146 162 4.4 0 0 0 0 0 33.6105 29.15 
146 98 114 130 82 162 2.3 0 0 0 0 0 36.3737 20.1621 
162 98 114 130 146 82 6.8 0 0 0 0 0 36.1398 -0.946546 
83 99 115 131 147 163 4.2 0 0 0 0 0 32.2945 44.5226 
99 83 115 131 147 163 0.6 0 0 0 0 0 35.7139 64.9055 
115 99 83 131 147 163 2.8 0 0 0 0 0 34.5807 42.6094 
131 99 115 83 147 163 4.4 0 0 0 0 0 33.6043 28.6645 
147 99 115 131 83 163 2.1 0 0 0 0 0 36.5142 18.0715 
163 99 115 131 147 83 10.5 0 0 0 0 0 35.6168 -1.45467 
84 100 116 132 148 164 4.1 0 0 0 0 0 32.5318 45.5547 
100 84 116 132 148 164 0.5 0 0 0 0 0 35.7571 65.7888 
116 100 84 132 148 164 2.9 0 0 0 0 0 34.493 41.713 
132 100 116 84 148 164 4.5 0 0 0 0 0 33.6037 28.1977 
148 100 116 132 84 164 2 0 0 0 0 0 36.6374 15.9329 
164 100 116 132 148 84 157.8 0 0 0 0 0 34.9561 -2.09759 
85 101 117 133 149 165 3.9 0 0 0 0 0 32.7648 46.5914 
101 85 117 133 149 165 0.3 0 0 0 0 0 35.793 66.665 
117 101 85 133 149 165 3.1 0 0 0 0 0 34.4032 40.8206 
133 101 117 85 149 165 4.5 0 0 0 0 0 33.6083 27.7479 
149 101 117 133 85 165 1.8 0 0 0 0 0 36.7295 13.7471 
165 101 117 133 149 85 154 0 0 0 0 0 34.1449 -2.88815 
86 102 118 134 150 166 3.8 0 0 0 0 0 32.9934 47.6329 
102 86 118 134 150 166 0.2 0 0 0 0 0 35.8217 67.5349 
118 102 86 134 150 166 3.2 0 0 0 0 0 34.3116 39.9369 
134 102 118 86 150 166 4.6 0 0 0 0 0 33.6176 27.313 
150 102 118 134 86 166 1.6 0 0 0 0 0 36.768 11.5138 
166 102 118 134 150 86 151.8 0 0 0 0 0 33.1704 -3.83944 
87 103 119 135 151 167 3.7 0 0 0 0 0 33.2174 48.6792 
103 87 119 135 151 167 0 0 0 0 0 0 35.8432 68.3991 
119 103 87 135 151 167 3.3 0 0 0 0 0 34.2181 39.0613 
135 103 119 87 151 167 4.6 0 0 0 0 0 33.6308 26.8903 
151 103 119 135 87 167 1.4 0 0 0 0 0 36.7166 9.23197 
167 103 119 135 151 87 150.1 0 0 0 0 0 32.0189 -4.96518 
88 104 120 136 152 168 3.5 0 0 0 0 0 33.4367 49.7306 
104 88 120 136 152 168 0.1 0 0 0 0 0 35.8575 69.2587 
120 104 88 136 152 168 3.5 0 0 0 0 0 34.1228 38.1928 
136 104 120 88 152 168 4.7 0 0 0 0 0 33.6472 26.4749 
152 104 120 136 88 168 1.2 0 0 0 0 0 36.5192 6.89913 
168 104 120 136 152 88 148.8 0 0 0 0 0 30.6767 -6.27928 
89 105 121 137 153 169 3.4 0 0 0 0 0 33.6511 50.7873 
105 89 121 137 153 169 0.3 0 0 0 0 0 35.8648 70.1146 
121 105 89 137 153 169 3.6 0 0 0 0 0 34.0256 37.3305 
137 105 121 89 153 169 4.7 0 0 0 0 0 33.6654 26.0673 
153 105 121 137 89 169 1 0 0 0 0 0 36.0969 4.51159 
169 105 121 137 153 89 147.7 0 0 0 0 0 29.1292 -7.79633 
90 106 122 138 154 170 3.2 0 0 0 0 0 33.8604 51.8495 
106 90 122 138 154 170 0.5 0 0 0 0 0 35.8649 67.7865 
122 106 90 138 154 170 3.7 0 0 0 0 0 33.9263 36.4695 
138 106 122 90 154 170 4.8 0 0 0 0 0 33.6831 25.6646 
154 106 122 138 90 170 0.9 0 0 0 0 0 35.3535 2.06415 
170 106 122 138 154 90 146.9 0 0 0 0 0 27.3612 -9.53177 
91 107 123 139 155 171 3.1 0 0 0 0 0 34.0644 52.9176 
107 91 123 139 155 171 0.6 0 0 0 0 0 35.858 64.8123 
123 107 91 139 155 171 3.8 0 0 0 0 0 33.8247 35.6111 
139 107 123 91 155 171 4.8 0 0 0 0 0 33.6962 23.7057 
155 107 123 139 91 171 132.1 0 0 0 0 0 34.1998 -0.449855 
171 107 123 139 155 91 146.1 0 0 0 0 0 25.3565 -11.5019 
92 108 124 140 156 172 2.9 0 0 0 0 0 34.2629 53.9883 
108 92 124 140 156 172 0.8 0 0 0 0 0 35.8439 61.6954 
124 108 92 140 156 172 4 0 0 0 0 0 33.7206 34.7554 
140 108 124 92 156 172 4.9 0 0 0 0 0 33.6962 19.8016 
156 108 124 140 92 172 131.9 0 0 0 0 0 32.5876 -3.03864 
172 108 124 140 156 92 145.5 0 0 0 0 0 23.0981 -13.7237 
93 109 125 141 157 173 2.8 0 0 0 0 0 34.4558 54.4167 
109 93 125 141 157 173 0.9 0 0 0 0 0 35.8227 58.4389 
125 109 93 141 157 173 4.1 0 0 0 0 0 33.6135 33.9012 
141 109 125 93 157 173 4.9 0 0 0 0 0 33.6642 15.7927 
157 109 125 141 93 173 131.6 0 0 0 0 0 30.5309 -5.71253 
173 109 125 141 157 93 144.9 0 0 0 0 0 20.5672 -16.2164 
94 110 126 142 158 174 2.7 0 0 0 0 0 34.6428 52.7408 
110 94 126 142 158 174 1.1 0 0 0 0 0 35.7942 55.0452 
126 110 94 142 158 174 4.2 0 0 0 0 0 33.5028 33.0468 
142 110 126 94 158 174 5 0 0 0 0 0 33.5572 11.6774 
158 110 126 142 94 174 131.4 0 0 0 0 0 28.091 -8.48323 
174 110 126 142 158 94 144.4 0 0 0 0 0 17.7435 -19 
95 111 127 143 159 175 2.5 0 0 0 0 0 34.8239 50.271 
111 95 127 143 159 175 1.2 0 0 0 0 0 35.7583 51.5176 
127 111 95 143 159 175 4.3 0 0 0 0 0 33.3877 32.1869 
143 111 127 95 159 175 5 0 0 0 0 0 33.2786 7.45309 
159 111 127 143 95 175 131.2 0 0 0 0 0 25.3421 -11.3649 
175 111 127 143 159 95 144 0 0 0 0 0 14.6042 -22.0977 
96 112 128 144 160 176 2.4 0 0 0 0 0 34.9987 47.6703 
112 96 128 144 160 176 1.4 0 0 0 0 0 35.7148 47.8577 
128 112 96 144 160 176 4.5 0 0 0 0 0 33.2665 30.9616 
144 112 128 96 160 176 5.1 0 0 0 0 0 32.6269 3.1162 
160 112 128 144 96 176 131 0 0 0 0 0 22.3441 -14.374 
176 112 128 144 160 96 143.6 0 0 0 0 0 11.1237 -25.5352 
97 113 129 145 161 177 2.2 0 0 0 0 0 35.167 44.9406 
113 97 129 145 161 177 1.5 0 0 0 0 0 35.6635 44.0681 
129 113 97 145 161 177 4.6 0 0 0 0 0 33.1363 26.4873 
145 113 129 97 161 177 5.2 0 0 0 0 0 31.2664 -1.33768 
161 113 129 145 97 177 130.8 0 0 0 0 0 19.1317 -17.53 
177 113 129 145 161 97 143.3 0 0 0 0 0 7.27216 -29.3423 
98 114 130 146 162 178 2.1 0 0 0 0 0 35.3287 42.0845 
114 98 130 146 162 178 1.7 0 0 0 0 0 35.6039 40.1506 
130 114 98 146 162 178 4.7 0 0 0 0 0 32.9902 21.8913 
146 114 130 98 162 178 110.1 0 0 0 0 0 28.8571 -5.91469 
162 114 130 146 98 178 130.6 0 0 0 0 0 15.7165 -20.8558 
178 114 130 146 162 98 143 0 0 0 0 0 3.01493 -33.5536 
99 115 131 147 163 179 1.9 0 0 0 0 0 35.4833 39.1042 
115 99 131 147 163 179 1.9 0 0 0 0 0 35.5353 36.1064 
131 115 99 147 163 179 4.8 0 0 0 0 0 32.8117 17.1735 
147 115 131 99 163 179 110.1 0 0 0 0 0 25.3482 -10.6212 
163 115 131 147 99 179 130.5 0 0 0 0 0 12.0905 -24.3796 
179 115 131 147 163 99 142.8 0 0 0 0 0 -1.68998 -38.2118 
