30 42 54 66 78 90 5 0 0 0 0 0 35.1785 -1.42501 
42 30 54 66 78 90 0.8 0 0 0 0 0 37.0574 16.9427 
54 42 30 66 78 90 1.6 0 0 0 0 0 36.3653 29.9443 
66 42 54 30 78 90 0.6 0 0 0 0 0 36.3948 38.9671 
78 42 54 66 30 90 1.4 0 0 0 0 0 35.9837 34.6337 
90 42 54 66 78 30 5.6 0 0 0 0 0 25.2779 4.58633 
31 43 55 67 79 91 4.2 0 0 0 0 0 35.4759 -1.12642 
43 31 55 67 79 91 0.8 0 0 0 0 0 36.9956 18.0919 
55 43 31 67 79 91 1.6 0 0 0 0 0 36.3391 30.313 
67 43 55 31 79 91 0.5 0 0 0 0 0 36.385 39.5852 
79 43 55 67 31 91 1.5 0 0 0 0 0 35.9021 34.0198 
91 43 55 67 79 31 5.7 0 0 0 0 0 24.9836 3.84532 
32 44 56 68 80 92 3.6 0 0 0 0 0 35.7213 -0.877232 
44 32 56 68 80 92 0.9 0 0 0 0 0 36.9307 19.169 
56 44 32 68 80 92 1.5 0 0 0 0 0 36.3168 30.7067 
68 44 56 32 80 92 0.4 0 0 0 0 0 36.374 40.2197 
80 44 56 68 32 92 1.6 0 0 0 0 0 35.8154 33.389 
92 44 56 68 80 32 5.8 0 0 0 0 0 24.6797 3.09706 
33 45 57 69 81 93 3.1 0 0 0 0 0 35.9204 -0.671319 
45 33 57 69 81 93 0.9 0 0 0 0 0 36.8651 20.1734 
57 45 33 69 81 93 1.5 0 0 0 0 0 36.2983 31.1259 
69 45 57 33 81 93 0.3 0 0 0 0 0 36.3617 40.871 
81 45 57 69 33 93 1.7 0 0 0 0 0 35.7234 32.7409 
93 45 57 69 81 33 5.8 0 0 0 0 0 24.3665 2.3409 
34 46 58 70 82 94 2.6 0 0 0 0 0 36.0786 -0.503771 
46 34 58 70 82 94 1 0 0 0 0 0 36.8005 21.1037 
58 46 34 70 82 94 1.4 0 0 0 0 0 36.2833 31.5713 
70 46 58 34 82 94 0.2 0 0 0 0 0 36.3476 41.1597 
82 46 58 70 34 94 1.8 0 0 0 0 0 35.6257 32.0754 
94 46 58 70 82 34 5.9 0 0 0 0 0 24.0437 1.5728 
35 47 59 71 83 95 2.1 0 0 0 0 0 36.2009 -0.369311 
47 35 59 71 83 95 1 0 0 0 0 0 36.738 21.9588 
59 47 35 71 83 95 1.3 0 0 0 0 0 36.2715 32.0431 
71 47 59 35 83 95 0.1 0 0 0 0 0 36.3312 40.7177 
83 47 59 71 35 95 2 0 0 0 0 0 35.5221 31.3924 
95 47 59 71 83 35 6 0 0 0 0 0 23.7107 0.796984 
36 48 60 72 84 96 1.8 0 0 0 0 0 36.2922 -0.263244 
48 36 60 72 84 96 1 0 0 0 0 0 36.6784 22.739 
60 48 36 72 84 96 1.3 0 0 0 0 0 36.2627 32.5417 
72 48 60 36 84 96 0 0 0 0 0 0 36.3122 40.2488 
84 48 60 72 36 96 2.1 0 0 0 0 0 35.4123 30.6898 
96 48 60 72 84 36 6 0 0 0 0 0 23.3664 0.0133376 
37 49 61 73 85 97 1.4 0 0 0 0 0 36.3565 -0.181516 
49 37 61 73 85 97 1 0 0 0 0 0 36.6224 23.4427 
61 49 37 73 85 97 1.2 0 0 0 0 0 36.2563 33.0632 
73 49 61 37 85 97 0 0 0 0 0 0 36.2901 39.7526 
85 49 61 73 37 97 2.2 0 0 0 0 0 35.296 29.9669 
97 49 61 73 85 37 6.1 0 0 0 0 0 23.0091 -0.778247 
38 50 62 74 86 98 1.1 0 0 0 0 0 36.3981 -0.119874 
50 38 62 74 86 98 1 0 0 0 0 0 36.5703 24.0699 
62 50 38 74 86 98 1.1 0 0 0 0 0 36.252 33.6113 
74 50 62 38 86 98 0.2 0 0 0 0 0 36.2644 39.2289 
86 50 62 74 38 98 2.3 0 0 0 0 0 35.1728 29.226 
98 50 62 74 86 38 6.2 0 0 0 0 0 22.6364 -1.57788 
39 51 63 75 87 99 0.9 0 0 0 0 0 36.4205 -0.0750107 
51 39 63 75 87 99 1 0 0 0 0 0 36.5223 24.6201 
63 51 39 75 87 99 1 0 0 0 0 0 36.2493 34.1866 
75 51 63 39 87 99 0.3 0 0 0 0 0 36.2347 38.6766 
87 51 63 75 39 99 2.4 0 0 0 0 0 35.0425 28.4672 
99 51 63 75 87 39 6.2 0 0 0 0 0 22.2451 -2.38943 
40 52 64 76 88 100 0.7 0 0 0 0 0 36.427 -0.0434087 
52 40 64 76 88 100 1.7 0 0 0 0 0 36.2826 27.5597 
64 52 40 76 88 100 1.3 0 0 0 0 0 36.1312 33.1611 
76 52 64 40 88 100 0.2 0 0 0 0 0 36.2398 39.8191 
88 52 64 76 40 100 2.4 0 0 0 0 0 35.1015 29.0108 
100 52 64 76 88 40 6.3 0 0 0 0 0 21.8304 -3.21094 
41 53 65 77 89 101 0.5 0 0 0 0 0 36.4206 -0.022601 
53 41 65 77 89 101 1.7 0 0 0 0 0 36.2486 27.89 
65 53 41 77 89 101 1.2 0 0 0 0 0 36.1416 33.7862 
77 53 65 41 89 101 0.3 0 0 0 0 0 36.2119 39.2151 
89 53 65 77 41 101 2.5 0 0 0 0 0 34.9681 28.2273 
101 53 65 77 89 41 6.4 0 0 0 0 0 21.3855 -4.04092 
42 54 66 78 90 102 0.3 0 0 0 0 0 36.4037 -0.00993065 
54 42 66 78 90 102 1.7 0 0 0 0 0 36.22 28.2542 
66 54 42 78 90 102 1.1 0 0 0 0 0 36.1523 34.4343 
78 54 66 42 90 102 0.5 0 0 0 0 0 36.1789 38.5878 
90 54 66 78 42 102 2.6 0 0 0 0 0 34.8277 27.4295 
102 54 66 78 90 42 6.4 0 0 0 0 0 20.9007 -4.87952 
43 55 67 79 91 103 0.2 0 0 0 0 0 36.3787 -0.0029737 
55 43 67 79 91 103 1.6 0 0 0 0 0 36.1967 28.6525 
67 55 43 79 91 103 1 0 0 0 0 0 36.1629 35.1054 
79 55 67 43 91 103 0.6 0 0 0 0 0 36.1406 37.9371 
91 55 67 79 43 103 2.7 0 0 0 0 0 34.6799 26.6176 
103 55 67 79 91 43 6.5 0 0 0 0 0 20.3618 -5.72687 
44 56 68 80 92 104 1.7 0 0 0 0 0 36.6169 25.0667 
56 44 68 80 92 104 2.1 0 0 0 0 0 35.915 26.8995 
68 56 44 80 92 104 1.2 0 0 0 0 0 36.0748 34.3331 
80 56 68 44 92 104 0.5 0 0 0 0 0 36.1538 38.7942 
92 56 68 80 44 104 2.7 0 0 0 0 0 34.7406 27.0474 
104 56 68 80 92 44 6.5 0 0 0 0 0 21.0483 -5.3182 
45 57 69 81 93 105 1.7 0 0 0 0 0 36.5361 25.1219 
57 45 69 81 93 105 2 0 0 0 0 0 35.9124 27.3693 
69 57 45 81 93 105 1.1 0 0 0 0 0 36.0951 35.0428 
81 57 69 45 93 105 0.6 0 0 0 0 0 36.115 38.1025 
93 57 69 81 45 105 2.8 0 0 0 0 0 34.5903 26.2207 
105 57 69 81 93 45 6.5 0 0 0 0 0 20.6106 -6.16284 
46 58 70 82 94 106 1.7 0 0 0 0 0 36.4616 25.2184 
58 46 70 82 94 106 1.9 0 0 0 0 0 35.9144 27.8684 
70 58 46 82 94 106 1 0 0 0 0 0 36.1139 35.7713 
82 58 70 46 94 106 0.8 0 0 0 0 0 36.07 37.3915 
94 58 70 82 46 106 2.9 0 0 0 0 0 34.433 25.3827 
106 58 70 82 94 46 6.6 0 0 0 0 0 20.1428 -7.01662 
47 59 71 83 95 107 1.8 0 0 0 0 0 36.3936 25.3546 
59 47 71 83 95 107 1.9 0 0 0 0 0 35.9204 28.3972 
71 59 47 83 95 107 0.9 0 0 0 0 0 36.1307 36.5133 
83 59 71 47 95 107 0.9 0 0 0 0 0 36.0187 36.659 
95 59 71 83 47 107 3.1 0 0 0 0 0 34.2685 24.5293 
107 59 71 83 95 47 6.7 0 0 0 0 0 19.6351 -7.87597 
48 60 72 84 96 108 2.6 0 0 0 0 0 35.8724 22.2375 
60 48 72 84 96 108 2.2 0 0 0 0 0 35.6776 27.0829 
72 60 48 84 96 108 1 0 0 0 0 0 36.0716 35.9314 
84 60 72 48 96 108 0.8 0 0 0 0 0 36.0385 37.3064 
96 60 72 84 48 108 3 0 0 0 0 0 34.3368 24.894 
108 60 72 84 96 48 6.7 0 0 0 0 0 20.0191 -7.42914 
49 61 73 85 97 109 2.6 0 0 0 0 0 35.8227 22.4766 
61 49 73 85 97 109 2.1 0 0 0 0 0 35.7028 27.6696 
73 61 49 85 97 109 0.9 0 0 0 0 0 36.0945 36.7013 
85 61 73 49 97 109 1 0 0 0 0 0 35.9849 36.546 
97 61 73 85 49 109 3.1 0 0 0 0 0 34.1712 24.0357 
109 61 73 85 97 49 6.7 0 0 0 0 0 19.5312 -8.27375 
50 62 74 86 98 110 2.6 0 0 0 0 0 35.7814 22.752 
62 50 74 86 98 110 2 0 0 0 0 0 35.7306 28.2813 
74 62 50 86 98 110 0.8 0 0 0 0 0 36.114 37.4863 
86 62 74 50 98 110 1.1 0 0 0 0 0 35.9245 35.7652 
98 62 74 86 50 110 3.3 0 0 0 0 0 33.999 23.1703 
110 62 74 86 98 50 6.8 0 0 0 0 0 19.0005 -9.12044 
51 63 75 87 99 111 2.6 0 0 0 0 0 35.7483 23.0643 
63 51 75 87 99 111 1.9 0 0 0 0 0 35.7607 28.9149 
75 63 51 87 99 111 0.6 0 0 0 0 0 36.1298 38.2864 
87 63 75 51 99 111 1.2 0 0 0 0 0 35.8569 34.9688 
99 63 75 87 51 111 3.4 0 0 0 0 0 33.82 22.2979 
111 63 75 87 99 51 6.9 0 0 0 0 0 18.4127 -9.97169 
52 64 76 88 100 112 3.1 0 0 0 0 0 35.1937 20.7605 
64 52 76 88 100 112 2.2 0 0 0 0 0 35.5722 27.933 
76 64 52 88 100 112 0.7 0 0 0 0 0 36.0947 37.8373 
88 64 76 52 100 112 1.2 0 0 0 0 0 35.8827 35.4666 
100 64 76 88 52 112 3.3 0 0 0 0 0 33.9036 22.636 
112 64 76 88 100 52 6.8 0 0 0 0 0 18.878 -9.44218 
53 65 77 89 101 113 3.1 0 0 0 0 0 35.1891 21.1557 
65 53 77 89 101 113 2.1 0 0 0 0 0 35.6177 28.611 
77 65 53 89 101 113 0.6 0 0 0 0 0 36.1131 38.6552 
89 65 77 53 101 113 1.3 0 0 0 0 0 35.8122 34.6501 
101 65 77 89 53 113 3.5 0 0 0 0 0 33.7259 21.7685 
113 65 77 89 101 53 6.9 0 0 0 0 0 18.2975 -10.2715 
54 66 78 90 102 114 3 0 0 0 0 0 35.1921 21.5827 
66 54 78 90 102 114 1.9 0 0 0 0 0 35.6638 29.3089 
78 66 54 90 102 114 0.5 0 0 0 0 0 36.1267 39.4846 
90 66 78 54 102 114 1.5 0 0 0 0 0 35.7343 33.8218 
102 66 78 90 54 114 3.6 0 0 0 0 0 33.5423 20.8969 
114 66 78 90 102 54 6.9 0 0 0 0 0 17.6459 -11.0998 
55 67 79 91 103 115 2.9 0 0 0 0 0 35.2023 22.0383 
67 55 79 91 103 115 1.8 0 0 0 0 0 35.71 30.0277 
79 67 55 91 103 115 0.3 0 0 0 0 0 36.1351 40.323 
91 67 79 55 103 115 1.6 0 0 0 0 0 35.649 32.9816 
103 67 79 91 55 115 3.7 0 0 0 0 0 33.3528 20.0163 
115 67 79 91 103 55 7 0 0 0 0 0 16.9002 -11.9274 
56 68 80 92 104 116 3.3 0 0 0 0 0 34.7317 20.3244 
68 56 80 92 104 116 2 0 0 0 0 0 35.573 29.2918 
80 68 56 92 104 116 0.4 0 0 0 0 0 36.1182 39.9616 
92 68 80 56 104 116 1.5 0 0 0 0 0 35.6819 33.3759 
104 68 80 92 56 116 3.7 0 0 0 0 0 33.4618 20.3715 
116 68 80 92 104 56 7 0 0 0 0 0 17.5571 -11.267 
57 69 81 93 105 117 3.2 0 0 0 0 0 34.7693 20.8498 
69 57 81 93 105 117 1.9 0 0 0 0 0 35.6302 30.0448 
81 69 57 93 105 117 0.3 0 0 0 0 0 36.1263 40.8042 
93 69 81 57 105 117 1.7 0 0 0 0 0 35.5937 32.5258 
105 69 81 93 57 117 3.8 0 0 0 0 0 33.2768 19.5057 
117 69 81 93 105 57 7 0 0 0 0 0 16.8109 -12.0577 
58 70 82 94 106 118 3.2 0 0 0 0 0 34.8127 21.3987 
70 58 82 94 106 118 1.8 0 0 0 0 0 35.6859 30.8146 
82 70 58 94 106 118 0 0 0 0 0 0 36.1284 41.6546 
94 70 82 58 106 118 1.8 0 0 0 0 0 35.4984 31.6676 
106 70 82 94 58 118 3.9 0 0 0 0 0 33.087 18.6399 
118 70 82 94 106 58 7.1 0 0 0 0 0 15.9449 -12.9659 
59 71 83 95 107 119 3.1 0 0 0 0 0 34.8614 21.975 
71 59 83 95 107 119 1.6 0 0 0 0 0 35.7398 31.6012 
83 71 59 95 107 119 0 0 0 0 0 0 36.1241 41.3694 
95 71 83 59 107 119 2 0 0 0 0 0 35.3956 30.7996 
107 71 83 95 59 119 4 0 0 0 0 0 32.8922 17.774 
119 71 83 95 107 59 7.1 0 0 0 0 0 14.9263 -14.4718 
60 72 84 96 108 120 3.3 0 0 0 0 0 34.4921 20.6958 
72 60 84 96 108 120 1.8 0 0 0 0 0 35.6457 31.0446 
84 72 60 96 108 120 0 0 0 0 0 0 36.1206 41.9824 
96 72 84 60 108 120 1.9 0 0 0 0 0 35.4387 31.1373 
108 72 84 96 60 120 3.9 0 0 0 0 0 33.0397 18.1861 
120 72 84 96 108 60 7.1 0 0 0 0 0 15.916 -13.2953 
61 73 85 97 109 121 3.3 0 0 0 0 0 34.5638 21.3256 
73 61 85 97 109 121 1.6 0 0 0 0 0 35.7061 31.852 
85 73 61 97 109 121 0.1 0 0 0 0 0 36.1142 41.192 
97 73 85 61 109 121 2.1 0 0 0 0 0 35.3344 30.2663 
109 73 85 97 61 121 4.1 0 0 0 0 0 32.8536 17.3454 
121 73 85 97 109 61 7.1 0 0 0 0 0 14.8931 -14.7361 
62 74 86 98 110 122 3.2 0 0 0 0 0 34.6389 21.9783 
74 62 86 98 110 122 1.5 0 0 0 0 0 35.7632 32.669 
86 74 62 98 110 122 0.2 0 0 0 0 0 36.1008 40.3883 
98 74 86 62 110 122 2.2 0 0 0 0 0 35.2232 29.3893 
110 74 86 98 62 122 4.2 0 0 0 0 0 32.6639 16.5042 
122 74 86 98 110 62 7.2 0 0 0 0 0 13.6874 -16.3816 
63 75 87 99 111 123 3.1 0 0 0 0 0 34.7172 22.6539 
75 63 87 99 111 123 1.4 0 0 0 0 0 35.8167 33.4989 
87 75 63 99 111 123 0.4 0 0 0 0 0 36.0803 39.5715 
99 75 87 63 111 123 2.3 0 0 0 0 0 35.1053 28.5077 
111 75 87 99 63 123 4.3 0 0 0 0 0 32.4707 15.6641 
123 75 87 99 111 63 7.2 0 0 0 0 0 12.266 -18.1707 
64 76 88 100 112 124 3.3 0 0 0 0 0 34.44 21.6957 
76 64 88 100 112 124 1.5 0 0 0 0 0 35.7557 33.0689 
88 76 64 100 112 124 0.3 0 0 0 0 0 36.0871 40.0409 
100 76 88 64 112 124 2.3 0 0 0 0 0 35.1641 28.8303 
112 76 88 100 64 124 4.2 0 0 0 0 0 32.6725 16.1803 
124 76 88 100 112 64 7.1 0 0 0 0 0 13.7789 -16.5309 
65 77 89 101 113 125 3.2 0 0 0 0 0 34.5358 22.4125 
77 65 89 101 113 125 1.3 0 0 0 0 0 35.8119 33.912 
89 77 65 101 113 125 0.5 0 0 0 0 0 36.0634 39.2089 
101 77 89 65 113 125 2.4 0 0 0 0 0 35.0467 27.9584 
113 77 89 101 65 125 4.3 0 0 0 0 0 32.4929 15.3764 
125 77 89 101 113 65 7.2 0 0 0 0 0 12.3643 -18.2277 
66 78 90 102 114 126 3 0 0 0 0 0 34.6329 23.1475 
78 66 90 102 114 126 1.2 0 0 0 0 0 35.8632 34.7643 
90 78 66 102 114 126 0.6 0 0 0 0 0 36.0325 38.3675 
102 78 90 66 114 126 2.6 0 0 0 0 0 34.9235 27.0856 
114 78 90 102 66 126 4.4 0 0 0 0 0 32.3111 14.5793 
126 78 90 102 114 66 7.2 0 0 0 0 0 10.721 -19.9328 
67 79 91 103 115 127 2.9 0 0 0 0 0 34.7309 23.8958 
79 67 91 103 115 127 1.1 0 0 0 0 0 35.9093 35.6258 
91 79 67 103 115 127 0.8 0 0 0 0 0 35.9941 37.5166 
103 79 91 67 115 127 2.7 0 0 0 0 0 34.7944 26.2101 
115 79 91 103 67 127 4.5 0 0 0 0 0 32.127 13.7887 
127 79 91 103 115 67 64.5 0 0 0 0 0 8.83645 -21.9665 
68 80 92 104 116 128 3.1 0 0 0 0 0 34.5294 23.1784 
80 68 92 104 116 128 1.1 0 0 0 0 0 35.8726 35.2721 
92 80 68 104 116 128 0.7 0 0 0 0 0 36.0103 37.893 
104 80 92 68 116 128 2.6 0 0 0 0 0 34.8769 26.5592 
116 80 92 104 68 128 4.4 0 0 0 0 0 32.4029 14.4566 
128 80 92 104 116 68 39 0 0 0 0 0 11.0706 -19.5952 
69 81 93 105 117 129 3 0 0 0 0 0 34.6395 23.9564 
81 69 93 105 117 129 1 0 0 0 0 0 35.9185 36.1342 
93 81 69 105 117 129 0.9 0 0 0 0 0 35.9688 37.037 
105 81 93 69 117 129 2.8 0 0 0 0 0 34.7515 25.6995 
117 81 93 105 69 129 4.5 0 0 0 0 0 32.2382 13.7132 
129 81 93 105 117 69 64.5 0 0 0 0 0 9.22644 -21.6331 
70 82 94 106 118 130 2.8 0 0 0 0 0 34.7488 24.749 
82 70 94 106 118 130 0.8 0 0 0 0 0 35.9582 36.9983 
94 82 70 106 118 130 1 0 0 0 0 0 35.9201 36.1739 
106 82 94 70 118 130 2.9 0 0 0 0 0 34.6216 24.8417 
118 82 94 106 70 130 4.6 0 0 0 0 0 32.0729 12.9748 
130 82 94 106 118 70 64.5 0 0 0 0 0 7.16175 -23.5205 
71 83 95 107 119 131 2.7 0 0 0 0 0 34.8569 25.5562 
83 71 95 107 119 131 0.7 0 0 0 0 0 35.9915 37.8679 
95 83 71 107 119 131 1.2 0 0 0 0 0 35.8641 35.3005 
107 83 95 71 119 131 3 0 0 0 0 0 34.487 23.9863 
119 83 95 107 71 131 4.7 0 0 0 0 0 31.9063 12.246 
131 83 95 107 119 71 64.6 0 0 0 0 0 4.89 -25.5426 
72 84 96 108 120 132 2.8 0 0 0 0 0 34.7145 25.0093 
84 72 96 108 120 132 0.8 0 0 0 0 0 35.9721 37.5494 
96 84 72 108 120 132 1.1 0 0 0 0 0 35.8914 35.6318 
108 84 96 72 120 132 2.9 0 0 0 0 0 34.6037 24.4029 
120 84 96 108 72 132 4.5 0 0 0 0 0 32.2799 13.1263 
132 84 96 108 120 72 64.5 0 0 0 0 0 8.00768 -22.5132 
73 85 97 109 121 133 2.7 0 0 0 0 0 34.8298 25.8355 
85 73 97 109 121 133 0.6 0 0 0 0 0 36.0032 38.4125 
97 85 73 109 121 133 1.2 0 0 0 0 0 35.8334 34.7629 
109 85 97 73 121 133 3.1 0 0 0 0 0 34.4769 23.5776 
121 85 97 109 73 133 4.6 0 0 0 0 0 32.1397 12.4577 
133 85 97 109 121 73 64.5 0 0 0 0 0 5.82888 -24.5797 
74 86 98 110 122 134 2.6 0 0 0 0 0 34.9425 26.6712 
86 74 98 110 122 134 0.5 0 0 0 0 0 36.0273 39.2776 
98 86 74 110 122 134 1.4 0 0 0 0 0 35.7688 33.8919 
110 86 98 74 122 134 3.2 0 0 0 0 0 34.3471 22.7583 
122 86 98 110 74 134 4.7 0 0 0 0 0 31.9999 11.8025 
134 86 98 110 122 74 64.6 0 0 0 0 0 3.48723 -26.617 
75 87 99 111 123 135 2.5 0 0 0 0 0 35.052 27.5126 
87 75 99 111 123 135 0.3 0 0 0 0 0 36.0444 40.1446 
99 87 75 111 123 135 1.5 0 0 0 0 0 35.6975 33.0187 
111 87 99 75 123 135 3.3 0 0 0 0 0 34.2143 21.9407 
123 87 99 111 75 135 4.8 0 0 0 0 0 31.8601 11.1601 
135 87 99 111 123 75 64.6 0 0 0 0 0 1.00671 -28.7403 
76 88 100 112 124 136 2.5 0 0 0 0 0 34.9536 27.0833 
88 76 100 112 124 136 0.4 0 0 0 0 0 36.0377 39.8181 
100 88 76 112 124 136 1.5 0 0 0 0 0 35.7397 33.3434 
112 88 100 76 124 136 3.2 0 0 0 0 0 34.3781 22.4713 
124 88 100 112 76 136 4.6 0 0 0 0 0 32.3591 12.318 
136 88 100 112 124 76 64.6 0 0 0 0 0 5.1731 -24.715 
77 89 101 113 125 137 2.4 0 0 0 0 0 35.0664 27.9333 
89 77 101 113 125 137 0.2 0 0 0 0 0 36.0514 40.1755 
101 89 77 113 125 137 1.6 0 0 0 0 0 35.6686 32.4846 
113 89 101 77 125 137 3.3 0 0 0 0 0 34.2579 21.6928 
125 89 101 113 77 137 4.7 0 0 0 0 0 32.2533 11.749 
137 89 101 113 125 77 64.6 0 0 0 0 0 2.85076 -26.9628 
78 90 102 114 126 138 2.3 0 0 0 0 0 35.1748 28.7902 
90 78 102 114 126 138 0 0 0 0 0 0 36.0579 39.3151 
102 90 78 114 126 138 1.8 0 0 0 0 0 35.5917 31.6272 
114 90 102 78 126 138 3.4 0 0 0 0 0 34.1364 20.9237 
126 90 102 114 78 138 4.7 0 0 0 0 0 32.149 11.1949 
138 90 102 114 126 78 64.7 0 0 0 0 0 0.436818 -29.441 
79 91 103 115 127 139 2.1 0 0 0 0 0 35.2787 29.654 
91 79 103 115 127 139 0.1 0 0 0 0 0 36.0571 38.4475 
103 91 79 115 127 139 1.9 0 0 0 0 0 35.5092 30.7652 
115 91 103 79 127 139 3.5 0 0 0 0 0 34.0137 20.1635 
127 91 103 115 79 139 4.8 0 0 0 0 0 32.0453 10.6532 
139 91 103 115 127 79 64.7 0 0 0 0 0 -2.04886 -31.8876 
80 92 104 116 128 140 2.2 0 0 0 0 0 35.2118 29.2921 
92 80 104 116 128 140 0 0 0 0 0 0 36.0609 38.8382 
104 92 80 116 128 140 1.8 0 0 0 0 0 35.5729 31.1267 
116 92 104 80 128 140 3.4 0 0 0 0 0 34.2396 20.8555 
128 92 104 116 80 140 4.6 0 0 0 0 0 32.7008 12.1795 
140 92 104 116 128 80 64.7 0 0 0 0 0 3.42395 -26.4426 
81 93 105 117 129 141 2.1 0 0 0 0 0 35.3157 30.1546 
93 81 105 117 129 141 0.2 0 0 0 0 0 36.0568 37.9698 
105 93 81 117 129 141 2 0 0 0 0 0 35.4937 30.2889 
117 93 105 81 129 141 3.5 0 0 0 0 0 34.135 20.1479 
129 93 105 117 81 141 4.6 0 0 0 0 0 32.64 11.7265 
141 93 105 117 129 81 64.7 0 0 0 0 0 1.16938 -28.627 
82 94 106 118 130 142 1.9 0 0 0 0 0 35.414 31.0182 
94 82 106 118 130 142 0.3 0 0 0 0 0 36.0456 37.0951 
106 94 82 118 130 142 2.1 0 0 0 0 0 35.41 29.456 
118 94 106 82 130 142 3.6 0 0 0 0 0 34.031 19.4529 
130 94 106 118 82 142 4.7 0 0 0 0 0 32.5816 11.2927 
142 94 106 118 130 82 64.8 0 0 0 0 0 -1.11787 -30.7647 
83 95 107 119 131 143 1.8 0 0 0 0 0 35.5066 31.8812 
95 83 107 119 131 143 0.5 0 0 0 0 0 36.0273 36.2137 
107 95 83 119 131 143 2.2 0 0 0 0 0 35.3221 28.6278 
119 95 107 83 131 143 3.7 0 0 0 0 0 33.9275 18.7662 
131 95 107 119 83 143 4.7 0 0 0 0 0 32.5242 10.8769 
143 95 107 119 131 83 64.9 0 0 0 0 0 -3.42643 -32.8599 
84 96 108 120 132 144 1.9 0 0 0 0 0 35.4615 31.5453 
96 84 108 120 132 144 0.4 0 0 0 0 0 36.0421 36.5665 
108 96 84 120 132 144 2.1 0 0 0 0 0 35.4157 29.0655 
120 96 108 84 132 144 3.5 0 0 0 0 0 34.2321 19.68 
132 96 108 120 84 144 4.4 0 0 0 0 0 33.3658 12.8764 
144 96 108 120 132 84 64.8 0 0 0 0 0 3.78356 -25.733 
85 97 109 121 133 145 1.7 0 0 0 0 0 35.5519 32.3974 
97 85 109 121 133 145 0.6 0 0 0 0 0 36.0216 35.6943 
109 97 85 121 133 145 2.2 0 0 0 0 0 35.335 28.272 
121 97 109 85 133 145 3.6 0 0 0 0 0 34.1526 19.0567 
133 97 109 121 85 145 4.4 0 0 0 0 0 33.3606 12.5658 
145 97 109 121 133 85 64.9 0 0 0 0 0 1.78354 -27.507 
86 98 110 122 134 146 1.6 0 0 0 0 0 35.636 33.2491 
98 86 110 122 134 146 0.7 0 0 0 0 0 35.9946 34.8222 
110 98 86 122 134 146 2.4 0 0 0 0 0 35.2514 27.4863 
122 98 110 86 134 146 3.7 0 0 0 0 0 34.0756 18.4493 
134 98 110 122 86 146 4.5 0 0 0 0 0 33.3588 12.2768 
146 98 110 122 134 86 64.9 0 0 0 0 0 -0.208495 -29.2302 
87 99 111 123 135 147 1.4 0 0 0 0 0 35.7137 34.1006 
99 87 111 123 135 147 0.8 0 0 0 0 0 35.9613 33.949 
111 99 87 123 135 147 2.5 0 0 0 0 0 35.1653 26.7032 
123 99 111 87 135 147 3.8 0 0 0 0 0 34.0011 17.8571 
135 99 111 123 87 147 4.5 0 0 0 0 0 33.3586 12.008 
147 99 111 123 135 87 65 0 0 0 0 0 -2.18855 -30.9033 
88 100 112 124 136 148 1.5 0 0 0 0 0 35.6835 33.7474 
100 88 112 124 136 148 0.8 0 0 0 0 0 35.9898 34.3042 
112 100 88 124 136 148 2.4 0 0 0 0 0 35.299 27.2642 
124 100 112 88 136 148 3.5 0 0 0 0 0 34.4006 19.0577 
136 100 112 124 88 148 4 0 0 0 0 0 34.3978 14.6287 
148 100 112 124 136 88 65 0 0 0 0 0 7.46436 -21.3474 
89 101 113 125 137 149 1.3 0 0 0 0 0 35.7577 34.5781 
101 89 113 125 137 149 0.9 0 0 0 0 0 35.9564 33.4468 
113 101 89 125 137 149 2.5 0 0 0 0 0 35.2245 26.5267 
125 101 113 89 137 149 3.6 0 0 0 0 0 34.3558 18.5438 
137 101 113 125 89 149 4 0 0 0 0 0 34.4568 14.4836 
149 101 113 125 137 89 65 0 0 0 0 0 5.87564 -22.6319 
90 102 114 126 138 150 1.2 0 0 0 0 0 35.8252 35.4051 
102 90 114 126 138 150 1.1 0 0 0 0 0 35.9174 32.5914 
114 102 90 126 138 150 2.6 0 0 0 0 0 35.1491 25.8008 
126 102 114 90 138 150 3.7 0 0 0 0 0 34.3154 18.0487 
138 102 114 126 90 150 4 0 0 0 0 0 34.5203 14.3621 
150 102 114 126 138 90 65.1 0 0 0 0 0 4.32015 -23.8536 
91 103 115 127 139 151 1.1 0 0 0 0 0 35.8861 36.2245 
103 91 115 127 139 151 1.2 0 0 0 0 0 35.8731 31.7396 
115 103 91 127 139 151 2.7 0 0 0 0 0 35.0729 25.0863 
127 103 115 91 139 151 3.7 0 0 0 0 0 34.2793 17.5717 
139 103 115 127 91 151 4 0 0 0 0 0 34.5863 14.2623 
151 103 115 127 139 91 65.1 0 0 0 0 0 2.79663 -25.0198 
92 104 116 128 140 152 1.1 0 0 0 0 0 35.8665 35.8169 
104 92 116 128 140 152 1.1 0 0 0 0 0 35.9204 32.1393 
116 104 92 128 140 152 2.5 0 0 0 0 0 35.2577 25.8174 
128 104 116 92 140 152 3.4 0 0 0 0 0 34.7857 19.1432 
140 104 116 128 92 152 3.3 0 0 0 0 0 35.7675 17.7113 
152 104 116 128 140 92 65.1 0 0 0 0 0 16.0978 -11.7424 
93 105 117 129 141 153 1 0 0 0 0 0 35.9236 36.6043 
105 93 117 129 141 153 1.2 0 0 0 0 0 35.8789 31.3168 
117 105 93 129 141 153 2.6 0 0 0 0 0 35.1981 25.1597 
129 105 117 93 141 153 3.5 0 0 0 0 0 34.7843 18.7592 
141 105 117 129 93 153 3.3 0 0 0 0 0 35.8871 17.7583 
153 105 117 129 141 93 65.2 0 0 0 0 0 15.0602 -12.4463 
94 106 118 130 142 154 0.8 0 0 0 0 0 35.9742 37.3846 
106 94 118 130 142 154 1.4 0 0 0 0 0 35.8333 30.497 
118 106 94 130 142 154 2.7 0 0 0 0 0 35.1394 24.517 
130 106 118 94 142 154 3.5 0 0 0 0 0 34.7888 18.3968 
142 106 118 130 94 154 3.3 0 0 0 0 0 36.01 17.8301 
154 106 118 130 142 94 65.2 0 0 0 0 0 14.0669 -13.0866 
95 107 119 131 143 155 0.7 0 0 0 0 0 36.0183 38.158 
107 95 119 131 143 155 1.5 0 0 0 0 0 35.7838 29.6827 
119 107 95 131 143 155 2.8 0 0 0 0 0 35.0818 23.8855 
131 107 119 95 143 155 3.6 0 0 0 0 0 34.799 18.0549 
143 107 119 131 95 155 3.2 0 0 0 0 0 36.1333 17.924 
155 107 119 131 143 95 65.3 0 0 0 0 0 13.1128 -13.6688 
96 108 120 132 144 156 0.8 0 0 0 0 0 36.0075 37.6507 
108 96 120 132 144 156 1.4 0 0 0 0 0 35.8564 30.1705 
120 108 96 132 144 156 2.6 0 0 0 0 0 35.3284 24.8463 
132 108 120 96 144 156 3.1 0 0 0 0 0 35.4106 20.1065 
144 108 120 132 96 156 1.9 0 0 0 0 0 37.1559 19.0421 
156 108 120 132 144 96 65.2 0 0 0 0 0 31.6157 -0.2456 
97 109 121 133 145 157 0.6 0 0 0 0 0 36.0486 38.3834 
109 97 121 133 145 157 1.5 0 0 0 0 0 35.8133 29.3961 
121 109 97 133 145 157 2.7 0 0 0 0 0 35.2921 24.2833 
133 109 121 97 145 157 3.2 0 0 0 0 0 35.4577 19.8742 
145 109 121 133 97 157 1.8 0 0 0 0 0 37.2792 17.4218 
157 109 121 133 145 97 65.3 0 0 0 0 0 31.278 -0.45297 
98 110 122 134 146 158 0.5 0 0 0 0 0 36.0837 39.1057 
110 98 122 134 146 158 1.6 0 0 0 0 0 35.7678 28.6324 
122 110 98 134 146 158 2.8 0 0 0 0 0 35.2588 23.7376 
134 110 122 98 146 158 3.2 0 0 0 0 0 35.5118 19.6662 
146 110 122 134 98 158 1.7 0 0 0 0 0 37.3906 15.7318 
158 110 122 134 146 98 65.4 0 0 0 0 0 30.9586 -0.739389 
99 111 123 135 147 159 0.4 0 0 0 0 0 36.1129 39.8178 
111 99 123 135 147 159 1.7 0 0 0 0 0 35.72 27.8745 
123 111 99 135 147 159 2.8 0 0 0 0 0 35.2286 23.2094 
135 111 123 99 147 159 3.2 0 0 0 0 0 35.5725 19.4811 
147 111 123 135 99 159 1.6 0 0 0 0 0 37.4808 13.9734 
159 111 123 135 147 99 65.4 0 0 0 0 0 30.6482 -1.11542 
100 112 124 136 148 160 0.2 0 0 0 0 0 36.1363 40.52 
112 100 124 136 148 160 1.9 0 0 0 0 0 35.6703 27.1258 
124 112 100 136 148 160 2.9 0 0 0 0 0 35.2015 22.6982 
136 112 124 100 148 160 3.2 0 0 0 0 0 35.6391 19.3145 
148 112 124 136 100 160 1.4 0 0 0 0 0 37.5353 12.1478 
160 112 124 136 148 100 65.5 0 0 0 0 0 30.3341 -1.59182 
101 113 125 137 149 161 0 0 0 0 0 0 36.1542 41.2127 
113 101 125 137 149 161 2 0 0 0 0 0 35.6188 26.387 
125 113 101 137 149 161 3 0 0 0 0 0 35.1776 22.2031 
137 113 125 101 149 161 3.2 0 0 0 0 0 35.711 19.1673 
149 113 125 137 101 161 1.3 0 0 0 0 0 37.5322 10.2556 
161 113 125 137 149 101 65.5 0 0 0 0 0 29.9998 -2.17985 
102 114 126 138 150 162 0 0 0 0 0 0 36.1666 41.8948 
114 102 126 138 150 162 2.1 0 0 0 0 0 35.5657 25.6558 
126 114 102 138 150 162 3 0 0 0 0 0 35.1569 21.7233 
138 114 126 102 150 162 3.2 0 0 0 0 0 35.787 19.0376 
150 114 126 138 102 162 1.1 0 0 0 0 0 37.4385 8.29647 
162 114 126 138 150 102 65.6 0 0 0 0 0 29.6252 -2.89121 
103 115 127 139 151 163 0.2 0 0 0 0 0 36.1736 42.5656 
115 103 127 139 151 163 2.2 0 0 0 0 0 35.5112 24.9304 
127 115 103 139 151 163 3.1 0 0 0 0 0 35.1393 21.2556 
139 115 127 103 151 163 3.2 0 0 0 0 0 35.8652 18.9229 
151 115 127 139 103 163 0.9 0 0 0 0 0 37.2065 6.26946 
163 115 127 139 151 103 65.6 0 0 0 0 0 29.186 -3.73787 
104 116 128 140 152 164 0.3 0 0 0 0 0 36.1755 43.2283 
116 104 128 140 152 164 2.3 0 0 0 0 0 35.4555 24.2136 
128 116 104 140 152 164 3.2 0 0 0 0 0 35.1247 20.799 
140 116 128 104 152 164 3.2 0 0 0 0 0 35.9421 18.821 
152 116 128 140 104 164 0.8 0 0 0 0 0 36.7735 4.17265 
164 116 128 140 152 104 65.7 0 0 0 0 0 28.6538 -4.73226 
105 117 129 141 153 165 0.4 0 0 0 0 0 36.1722 43.8836 
117 105 129 141 153 165 2.4 0 0 0 0 0 35.3985 23.5052 
129 117 105 141 153 165 3.2 0 0 0 0 0 35.1128 20.3543 
141 117 129 105 153 165 3.2 0 0 0 0 0 36.0116 18.7291 
153 117 129 141 105 165 0.6 0 0 0 0 0 36.0662 2.00315 
165 117 129 141 153 105 65.7 0 0 0 0 0 27.9961 -5.88727 
106 118 130 142 154 166 0.5 0 0 0 0 0 36.164 44.532 
118 106 130 142 154 166 2.5 0 0 0 0 0 35.3404 22.799 
130 118 106 142 154 166 3.3 0 0 0 0 0 35.1032 19.9203 
142 118 130 106 154 166 3.2 0 0 0 0 0 36.0612 17.6794 
154 118 130 142 106 166 135.7 0 0 0 0 0 35.0169 -0.243183 
166 118 130 142 154 106 148.8 0 0 0 0 0 27.1767 -7.21637 
107 119 131 143 155 167 0.7 0 0 0 0 0 36.1508 45.1743 
119 107 131 143 155 167 2.6 0 0 0 0 0 35.2812 22.0999 
131 119 107 143 155 167 3.3 0 0 0 0 0 35.0955 19.4954 
143 119 131 107 155 167 3.2 0 0 0 0 0 36.0664 14.3969 
155 119 131 143 107 167 135.2 0 0 0 0 0 33.5847 -2.57183 
167 119 131 143 155 107 147.7 0 0 0 0 0 26.1577 -8.73348 
108 120 132 144 156 168 0.8 0 0 0 0 0 36.1328 45.8113 
120 108 132 144 156 168 2.7 0 0 0 0 0 35.2209 21.407 
132 120 108 144 156 168 3.4 0 0 0 0 0 35.0885 19.0779 
144 120 132 108 156 168 3.2 0 0 0 0 0 35.9773 11.0126 
156 120 132 144 108 168 134.7 0 0 0 0 0 31.77 -4.98925 
168 120 132 144 156 108 146.7 0 0 0 0 0 24.9008 -10.4533 
109 121 133 145 157 169 0.9 0 0 0 0 0 36.11 46.444 
121 109 133 145 157 169 2.8 0 0 0 0 0 35.1593 20.7158 
133 121 109 145 157 169 3.4 0 0 0 0 0 35.0805 18.666 
145 121 133 109 157 169 3.2 0 0 0 0 0 35.6976 7.52585 
157 121 133 145 109 169 134.3 0 0 0 0 0 29.6096 -7.50351 
169 121 133 145 157 109 146 0 0 0 0 0 23.3705 -12.3916 
110 122 134 146 158 170 1.1 0 0 0 0 0 36.0825 47.0733 
122 110 134 146 158 170 2.9 0 0 0 0 0 35.0963 20.0276 
134 122 110 146 158 170 3.5 0 0 0 0 0 35.0678 18.2555 
146 122 134 110 158 170 3.2 0 0 0 0 0 35.0585 3.93455 
158 122 134 146 110 170 133.9 0 0 0 0 0 27.1569 -10.1243 
170 122 134 146 158 110 145.3 0 0 0 0 0 21.5365 -14.5652 
111 123 135 147 159 171 1.2 0 0 0 0 0 36.0502 47.7004 
123 111 135 147 159 171 3 0 0 0 0 0 35.0316 19.3429 
135 123 111 147 159 171 3.6 0 0 0 0 0 35.0427 17.8449 
147 123 135 111 159 171 3.2 0 0 0 0 0 33.8239 0.236054 
159 123 135 147 111 171 133.6 0 0 0 0 0 24.4617 -12.8628 
171 123 135 147 159 111 144.7 0 0 0 0 0 19.3747 -16.992 
112 124 136 148 160 172 1.3 0 0 0 0 0 36.0131 48.3238 
124 112 136 148 160 172 3.1 0 0 0 0 0 34.9647 18.6578 
136 124 112 148 160 172 3.6 0 0 0 0 0 34.9876 17.2445 
148 124 136 112 160 172 118.4 0 0 0 0 0 31.7875 -3.57303 
160 124 136 148 112 172 133.3 0 0 0 0 0 21.5592 -15.732 
172 124 136 148 160 112 144.3 0 0 0 0 0 16.8668 -19.6925 
113 125 137 149 161 173 1.4 0 0 0 0 0 35.9711 45.6599 
125 113 137 149 161 173 3.2 0 0 0 0 0 34.8947 17.9713 
137 125 113 149 161 173 3.7 0 0 0 0 0 34.8615 13.0844 
149 125 137 113 161 173 118.3 0 0 0 0 0 28.9215 -7.49771 
161 125 137 149 113 173 133.1 0 0 0 0 0 18.4682 -18.7467 
173 125 137 149 161 113 143.8 0 0 0 0 0 13.998 -22.6887 
114 126 138 150 162 174 1.6 0 0 0 0 0 35.9241 42.0846 
126 114 138 150 162 174 3.3 0 0 0 0 0 34.8198 17.2844 
138 126 114 150 162 174 3.7 0 0 0 0 0 34.5709 8.80925 
150 126 138 114 162 174 118.2 0 0 0 0 0 25.3893 -11.5439 
162 126 138 150 114 174 132.8 0 0 0 0 0 15.193 -21.9247 
174 126 138 150 162 114 143.5 0 0 0 0 0 10.7538 -26.0064 
115 127 139 151 163 175 1.7 0 0 0 0 0 35.8716 38.3838 
127 115 139 151 163 175 3.4 0 0 0 0 0 34.7362 16.5933 
139 127 115 151 163 175 3.8 0 0 0 0 0 33.9181 4.41685 
151 127 139 115 163 175 118.2 0 0 0 0 0 21.402 -15.7194 
163 127 139 151 115 175 132.6 0 0 0 0 0 11.7261 -25.286 
175 127 139 151 163 115 143.2 0 0 0 0 0 7.11671 -29.6746 
116 128 140 152 164 176 1.8 0 0 0 0 0 35.8129 34.5593 
128 116 140 152 164 176 3.5 0 0 0 0 0 34.6352 15.8957 
140 128 116 152 164 176 3.9 0 0 0 0 0 32.5655 -0.0945575 
152 128 140 116 164 176 118.2 0 0 0 0 0 17.1111 -20.0329 
164 128 140 152 116 176 132.4 0 0 0 0 0 8.05101 -28.8544 
176 128 140 152 164 116 142.9 0 0 0 0 0 3.06287 -33.7282 
117 129 141 153 165 177 2 0 0 0 0 0 35.7465 30.6129 
129 117 141 153 165 177 3.6 0 0 0 0 0 34.4953 15.1926 
141 129 117 153 165 177 104.7 0 0 0 0 0 30.1601 -4.72811 
153 129 141 117 165 177 118.2 0 0 0 0 0 12.5956 -24.4955 
165 129 141 153 117 177 132.3 0 0 0 0 0 4.1427 -32.659 
177 129 141 153 165 117 142.7 0 0 0 0 0 -1.44055 -38.2092 
118 130 142 154 166 178 2.1 0 0 0 0 0 35.6689 26.546 
130 118 142 154 166 178 3.7 0 0 0 0 0 34.2643 12.2487 
142 130 118 154 166 178 104.8 0 0 0 0 0 26.638 -9.48835 
154 130 142 118 166 178 118.2 0 0 0 0 0 7.88632 -29.1204 
166 130 142 154 118 178 132.1 0 0 0 0 0 -0.0328889 -36.7354 
178 130 142 154 166 118 142.5 0 0 0 0 0 -6.4387 -43.1699 
119 131 143 155 167 179 2.2 0 0 0 0 0 35.572 22.3599 
131 119 143 155 167 179 3.8 0 0 0 0 0 33.8164 7.57171 
143 131 119 155 167 179 104.8 0 0 0 0 0 22.2784 -14.3799 
155 131 143 119 167 179 118.2 0 0 0 0 0 2.98716 -33.9232 
167 131 143 155 119 179 132 0 0 0 0 0 -4.52131 -41.1299 
179 131 143 155 167 119 142.4 0 0 0 0 0 -11.9936 -48.6772 
