30 38 46 54 62 70 15.7 0 0 0 0 0 0.908417 -13.4671 
38 30 46 54 62 70 18.6 0 0 0 0 0 8.05729 -5.31826 
46 38 30 54 62 70 0.7 0 0 0 0 0 9.2408 0.325073 
54 38 46 30 62 70 1.8 0 0 0 0 0 10.7699 2.92552 
62 38 46 54 30 70 2.7 0 0 0 0 0 11.281 6.25821 
70 38 46 54 62 30 1.1 0 0 0 0 0 12.9937 6.34877 
31 39 47 55 63 71 14.2 0 0 0 0 0 1.77778 -12.5827 
39 31 47 55 63 71 18 0 0 0 0 0 8.9514 -4.35916 
47 39 31 55 63 71 0.7 0 0 0 0 0 10.506 2.15787 
55 39 47 31 63 71 1.7 0 0 0 0 0 11.5723 4.67523 
63 39 47 55 31 71 2.7 0 0 0 0 0 11.552 6.76412 
71 39 47 55 63 31 1.1 0 0 0 0 0 13.2981 6.79678 
32 40 48 56 64 72 13 0 0 0 0 0 2.55332 -11.7868 
40 32 48 56 64 72 17.5 0 0 0 0 0 9.70683 -3.49113 
48 40 32 56 64 72 0.7 0 0 0 0 0 11.5797 4.04005 
56 40 48 32 64 72 1.7 0 0 0 0 0 12.2261 6.19267 
64 40 48 56 32 72 2.6 0 0 0 0 0 11.788 7.28132 
72 40 48 56 64 32 1 0 0 0 0 0 13.5549 7.2478 
33 41 49 57 65 73 12.1 0 0 0 0 0 3.24185 -11.0725 
41 33 49 57 65 73 17 0 0 0 0 0 10.3311 -2.71176 
49 41 33 57 65 73 0.7 0 0 0 0 0 12.4565 5.9672 
57 41 49 33 65 73 1.7 0 0 0 0 0 12.7478 7.66913 
65 41 49 57 33 73 2.5 0 0 0 0 0 11.996 7.80995 
73 41 49 57 65 33 1 0 0 0 0 0 13.7719 7.70331 
34 42 50 58 66 74 11.3 0 0 0 0 0 3.84989 -10.4337 
42 34 50 58 66 74 16.6 0 0 0 0 0 10.8354 -2.01766 
50 42 34 58 66 74 0.7 0 0 0 0 0 13.1443 7.9451 
58 42 50 34 66 74 1.6 0 0 0 0 0 13.1571 9.17609 
66 42 50 58 34 74 2.5 0 0 0 0 0 12.1815 8.34598 
74 42 50 58 66 34 0.9 0 0 0 0 0 13.9556 8.1634 
35 43 51 59 67 75 10.6 0 0 0 0 0 4.38366 -9.8644 
43 35 51 59 67 75 16.3 0 0 0 0 0 11.2332 -1.40641 
51 43 35 59 67 75 0.6 0 0 0 0 0 13.663 9.32193 
59 43 51 35 67 75 1.6 0 0 0 0 0 13.4742 10.7106 
67 43 51 59 35 75 2.4 0 0 0 0 0 12.3489 8.89221 
75 43 51 59 67 35 0.9 0 0 0 0 0 14.1115 8.62816 
36 44 52 60 68 76 10 0 0 0 0 0 4.84902 -9.35915 
44 36 52 60 68 76 16 0 0 0 0 0 11.5387 -0.875031 
52 44 36 60 68 76 0.6 0 0 0 0 0 14.039 9.91217 
60 44 52 36 68 76 1.5 0 0 0 0 0 13.7181 12.2773 
68 44 52 60 36 76 2.4 0 0 0 0 0 12.5019 9.45001 
76 44 52 60 68 36 0.8 0 0 0 0 0 14.2439 9.0938 
37 45 53 61 69 77 9.5 0 0 0 0 0 5.25146 -8.9129 
45 37 53 61 69 77 0.7 0 0 0 0 0 12.6256 1.85134 
53 45 37 61 69 77 0.9 0 0 0 0 0 13.5401 9.06556 
61 45 53 37 69 77 1.7 0 0 0 0 0 13.3783 10.92 
69 45 53 61 37 77 2.4 0 0 0 0 0 12.3254 9.00927 
77 45 53 61 69 37 0.8 0 0 0 0 0 14.3563 9.56244 
38 46 54 62 70 78 9.1 0 0 0 0 0 5.59603 -8.52106 
46 38 54 62 70 78 0.7 0 0 0 0 0 13.1283 2.85127 
54 46 38 62 70 78 0.8 0 0 0 0 0 13.9769 10.8587 
62 46 54 38 70 78 1.6 0 0 0 0 0 13.6143 12.43 
70 46 54 62 38 78 2.4 0 0 0 0 0 12.4761 9.57509 
78 46 54 62 70 38 0.7 0 0 0 0 0 14.4514 10.0359 
39 47 55 63 71 79 8.7 0 0 0 0 0 5.88737 -8.17964 
47 39 55 63 71 79 0.7 0 0 0 0 0 13.4977 3.73995 
55 47 39 63 71 79 0.8 0 0 0 0 0 14.2873 12.6905 
63 47 55 39 71 79 1.5 0 0 0 0 0 13.7974 13.7019 
71 47 55 63 39 79 2.3 0 0 0 0 0 12.6157 10.1495 
79 47 55 63 71 39 0.7 0 0 0 0 0 14.5314 10.5141 
40 48 56 64 72 80 8.4 0 0 0 0 0 6.12966 -7.88471 
48 40 56 64 72 80 0.7 0 0 0 0 0 13.7601 4.51961 
56 48 40 64 72 80 0.8 0 0 0 0 0 14.5011 14.2108 
64 48 56 40 72 80 1.5 0 0 0 0 0 13.9403 14.9962 
72 48 56 64 40 80 2.2 0 0 0 0 0 12.7462 10.7307 
80 48 56 64 72 40 0.6 0 0 0 0 0 14.5976 10.9972 
41 49 57 65 73 81 8.1 0 0 0 0 0 6.32668 -7.63294 
49 41 57 65 73 81 0.7 0 0 0 0 0 13.9385 5.19298 
57 49 41 65 73 81 0.7 0 0 0 0 0 14.6436 14.7782 
65 49 57 41 73 81 1.4 0 0 0 0 0 14.0531 16.3117 
73 49 57 65 41 81 2.2 0 0 0 0 0 12.8689 11.3167 
81 49 57 65 73 41 0.6 0 0 0 0 0 14.6511 11.4809 
42 50 58 66 74 82 7.9 0 0 0 0 0 6.48178 -7.42137 
50 42 58 66 74 82 0.7 0 0 0 0 0 14.0521 5.76266 
58 50 42 66 74 82 0.7 0 0 0 0 0 14.7347 15.2143 
66 50 58 42 74 82 1.4 0 0 0 0 0 14.1433 17.6454 
74 50 58 66 42 82 2.1 0 0 0 0 0 12.9852 11.9114 
82 50 58 66 74 42 0.5 0 0 0 0 0 14.692 11.9679 
43 51 59 67 75 83 3.8 0 0 0 0 0 10.9089 1.65873 
51 43 59 67 75 83 0.3 0 0 0 0 0 14.6468 9.11681 
59 51 43 67 75 83 0.9 0 0 0 0 0 14.6233 16.6621 
67 51 59 43 75 83 1.5 0 0 0 0 0 14.0072 16.8227 
75 51 59 67 43 83 2.1 0 0 0 0 0 12.8925 11.6308 
83 51 59 67 75 43 0.5 0 0 0 0 0 14.7191 11.8128 
44 52 60 68 76 84 3.8 0 0 0 0 0 11.0833 2.54105 
52 44 60 68 76 84 0.3 0 0 0 0 0 14.769 10.0925 
60 52 44 68 76 84 0.8 0 0 0 0 0 14.7175 18.625 
68 52 60 44 76 84 1.4 0 0 0 0 0 14.0943 18.1624 
76 52 60 68 44 84 2.1 0 0 0 0 0 13.007 12.2258 
84 52 60 68 76 44 0.5 0 0 0 0 0 14.7659 12.2942 
45 53 61 69 77 85 3.8 0 0 0 0 0 11.2016 3.33075 
53 45 61 69 77 85 0.3 0 0 0 0 0 14.8365 10.94 
61 53 45 69 77 85 0.8 0 0 0 0 0 14.7776 19.4753 
69 53 61 45 77 85 1.3 0 0 0 0 0 14.1668 19.518 
77 53 61 69 45 85 2 0 0 0 0 0 13.1161 12.8268 
85 53 61 69 77 45 0.4 0 0 0 0 0 14.8045 12.7783 
46 54 62 70 78 86 3.7 0 0 0 0 0 11.2745 4.03013 
54 46 62 70 78 86 0.4 0 0 0 0 0 14.8655 11.6617 
62 54 46 70 78 86 0.7 0 0 0 0 0 14.8141 19.9788 
70 54 62 46 78 86 1.3 0 0 0 0 0 14.2282 20.8899 
78 54 62 70 46 86 1.9 0 0 0 0 0 13.2204 13.4326 
86 54 62 70 78 46 0.3 0 0 0 0 0 14.8353 13.2652 
47 55 63 71 79 87 3.7 0 0 0 0 0 11.3103 4.64025 
55 47 63 71 79 87 0.4 0 0 0 0 0 14.867 12.2597 
63 55 47 71 79 87 0.7 0 0 0 0 0 14.8341 20.3377 
71 55 63 47 79 87 1.2 0 0 0 0 0 14.2812 21.9518 
79 55 63 71 47 87 1.9 0 0 0 0 0 13.3202 14.0396 
87 55 63 71 79 47 0.3 0 0 0 0 0 14.8585 13.7522 
48 56 64 72 80 88 3.7 0 0 0 0 0 11.3154 5.16376 
56 48 64 72 80 88 0.4 0 0 0 0 0 14.8487 12.737 
64 56 48 72 80 88 0.6 0 0 0 0 0 14.8426 20.5553 
72 56 64 48 80 88 1.2 0 0 0 0 0 14.3275 23.0144 
80 56 64 72 48 88 1.8 0 0 0 0 0 13.4161 14.6525 
88 56 64 72 80 48 0.2 0 0 0 0 0 14.8735 14.2391 
49 57 65 73 81 89 2.7 0 0 0 0 0 12.8778 10.5626 
57 49 65 73 81 89 0.2 0 0 0 0 0 15.0519 16.7065 
65 57 49 73 81 89 0.7 0 0 0 0 0 14.7938 24.0456 
73 57 65 49 81 89 1.2 0 0 0 0 0 14.2618 22.5323 
81 57 65 73 49 89 1.8 0 0 0 0 0 13.3672 14.4606 
89 57 65 73 81 49 0.2 0 0 0 0 0 14.8931 14.1048 
50 58 66 74 82 90 2.8 0 0 0 0 0 12.8503 11.5191 
58 50 66 74 82 90 0.2 0 0 0 0 0 15.0325 17.5587 
66 58 50 74 82 90 0.7 0 0 0 0 0 14.8062 24.6112 
74 58 66 50 82 90 1.1 0 0 0 0 0 14.3086 23.5924 
82 58 66 74 50 90 1.7 0 0 0 0 0 13.4611 15.0665 
90 58 66 74 82 50 0.2 0 0 0 0 0 14.9119 14.5802 
51 59 67 75 83 91 2.8 0 0 0 0 0 12.8026 12.3598 
59 51 67 75 83 91 0.3 0 0 0 0 0 15.0018 18.2691 
67 59 51 75 83 91 0.6 0 0 0 0 0 14.8119 25.0184 
75 59 67 51 83 91 1.1 0 0 0 0 0 14.3507 24.6624 
83 59 67 75 51 91 1.7 0 0 0 0 0 13.5512 15.6757 
91 59 67 75 83 51 0 0 0 0 0 0 14.925 15.0564 
52 60 68 76 84 92 2.8 0 0 0 0 0 12.7391 13.0866 
60 52 68 76 84 92 0.3 0 0 0 0 0 14.9631 18.8402 
68 60 52 76 84 92 0.5 0 0 0 0 0 14.8126 25.2695 
76 60 68 52 84 92 1 0 0 0 0 0 14.389 25.7424 
84 60 68 76 52 92 1.6 0 0 0 0 0 13.6376 16.2882 
92 60 68 76 84 52 0 0 0 0 0 0 14.9321 15.5336 
53 61 69 77 85 93 2.8 0 0 0 0 0 12.6626 13.7013 
61 53 69 77 85 93 0.4 0 0 0 0 0 14.9185 19.2744 
69 61 53 77 85 93 0.5 0 0 0 0 0 14.8095 25.3676 
77 61 69 53 85 93 0.9 0 0 0 0 0 14.4238 26.8302 
85 61 69 77 53 93 1.5 0 0 0 0 0 13.7206 16.8983 
93 61 69 77 85 53 0 0 0 0 0 0 14.9324 16.0118 
54 62 70 78 86 94 2.8 0 0 0 0 0 12.575 14.2063 
62 54 70 78 86 94 0.4 0 0 0 0 0 14.8693 19.5743 
70 62 54 78 86 94 0.4 0 0 0 0 0 14.8033 25.3155 
78 62 70 54 86 94 0.9 0 0 0 0 0 14.4555 27.5288 
86 62 70 78 54 94 1.4 0 0 0 0 0 13.8003 17.5119 
94 62 70 78 86 54 0.1 0 0 0 0 0 14.9245 16.4855 
55 63 71 79 87 95 2.4 0 0 0 0 0 13.2071 19.511 
63 55 71 79 87 95 0.3 0 0 0 0 0 14.9323 23.3692 
71 63 55 79 87 95 0.5 0 0 0 0 0 14.7756 29.2674 
79 63 71 55 87 95 0.9 0 0 0 0 0 14.4236 27.3192 
87 63 71 79 55 95 1.5 0 0 0 0 0 13.7759 17.3514 
95 63 71 79 87 55 0.1 0 0 0 0 0 14.96 16.3323 
56 64 72 80 88 96 2.4 0 0 0 0 0 13.1124 20.4041 
64 56 72 80 88 96 0.3 0 0 0 0 0 14.8878 23.0612 
72 64 56 80 88 96 0.4 0 0 0 0 0 14.7734 29.5521 
80 64 72 56 88 96 0.8 0 0 0 0 0 14.456 27.8633 
88 64 72 80 56 96 1.4 0 0 0 0 0 13.8532 17.9505 
96 64 72 80 88 56 0.1 0 0 0 0 0 14.9587 16.7885 
57 65 73 81 89 97 2.4 0 0 0 0 0 13.0115 21.1642 
65 57 73 81 89 97 0.4 0 0 0 0 0 14.8406 22.7354 
73 65 57 81 89 97 0.4 0 0 0 0 0 14.769 29.6712 
81 65 73 57 89 97 0.8 0 0 0 0 0 14.4855 28.4119 
89 65 73 81 57 97 1.3 0 0 0 0 0 13.9273 18.5505 
97 65 73 81 89 57 0.2 0 0 0 0 0 14.9511 17.2438 
58 66 74 82 90 98 2.5 0 0 0 0 0 12.9048 21.7934 
66 58 74 82 90 98 0.4 0 0 0 0 0 14.791 22.3909 
74 66 58 82 90 98 0.3 0 0 0 0 0 14.7623 29.6277 
82 66 74 58 90 98 0.7 0 0 0 0 0 14.5124 28.9651 
90 66 74 82 58 98 1.2 0 0 0 0 0 13.9981 19.1515 
98 66 74 82 90 58 0.3 0 0 0 0 0 14.9357 17.6985 
59 67 75 83 91 99 2.5 0 0 0 0 0 12.7925 22.294 
67 59 75 83 91 99 0.5 0 0 0 0 0 14.739 22.0261 
75 67 59 83 91 99 0.2 0 0 0 0 0 14.7535 29.424 
83 67 75 59 91 99 0.6 0 0 0 0 0 14.5366 29.5229 
91 67 75 83 59 99 1.1 0 0 0 0 0 14.0657 19.7507 
99 67 75 83 91 59 0.3 0 0 0 0 0 14.9097 18.1526 
60 68 76 84 92 100 2.6 0 0 0 0 0 12.6747 22.6679 
68 60 76 84 92 100 0.6 0 0 0 0 0 14.6845 21.6426 
76 68 60 84 92 100 0.2 0 0 0 0 0 14.7424 29.0629 
84 68 76 60 92 100 0.5 0 0 0 0 0 14.5581 30.0853 
92 68 76 84 60 100 1.1 0 0 0 0 0 14.1301 20.3483 
100 68 76 84 92 60 0.4 0 0 0 0 0 14.8682 18.6063 
61 69 77 85 93 101 2.3 0 0 0 0 0 12.9997 28.1514 
69 61 77 85 93 101 0.5 0 0 0 0 0 14.7132 22.6778 
77 69 61 85 93 101 0.2 0 0 0 0 0 14.7305 32.9019 
85 69 77 61 93 101 0.6 0 0 0 0 0 14.5462 29.9268 
93 69 77 85 61 101 1.1 0 0 0 0 0 14.1202 20.1686 
101 69 77 85 93 61 0.4 0 0 0 0 0 14.9433 18.3918 
62 70 78 86 94 102 2.4 0 0 0 0 0 12.883 28.8883 
70 62 78 86 94 102 0.5 0 0 0 0 0 14.6629 22.2731 
78 70 62 86 94 102 0 0 0 0 0 0 14.7219 33.3064 
86 70 78 62 94 102 0.5 0 0 0 0 0 14.5678 30.4795 
94 70 78 86 62 102 1 0 0 0 0 0 14.1825 20.7443 
102 70 78 86 94 62 0.4 0 0 0 0 0 14.9144 18.8201 
63 71 79 87 95 103 2.4 0 0 0 0 0 12.762 29.4788 
71 63 79 87 95 103 0.6 0 0 0 0 0 14.6104 21.8534 
79 71 63 87 95 103 0 0 0 0 0 0 14.711 33.1046 
87 71 79 63 95 103 0.4 0 0 0 0 0 14.5867 31.0344 
95 71 79 87 63 103 0.9 0 0 0 0 0 14.2416 21.3187 
103 71 79 87 95 63 0.5 0 0 0 0 0 14.8696 19.2423 
64 72 80 88 96 104 2.5 0 0 0 0 0 12.6364 29.9254 
72 64 80 88 96 104 0.7 0 0 0 0 0 14.5555 21.4167 
80 72 64 88 96 104 0 0 0 0 0 0 14.6978 32.7342 
88 72 80 64 96 104 0.3 0 0 0 0 0 14.6029 31.5917 
96 72 80 88 64 104 0.9 0 0 0 0 0 14.2978 21.8919 
104 72 80 88 96 64 0.6 0 0 0 0 0 14.8007 17.9927 
65 73 81 89 97 105 2.6 0 0 0 0 0 12.506 30.2012 
73 65 81 89 97 105 0.7 0 0 0 0 0 14.498 20.9629 
81 73 65 89 97 105 0.1 0 0 0 0 0 14.6821 32.1982 
89 73 81 65 97 105 0.3 0 0 0 0 0 14.6162 32.1514 
97 73 81 89 65 105 0.8 0 0 0 0 0 14.3509 22.4641 
105 73 81 89 97 65 0.6 0 0 0 0 0 14.694 15.6062 
66 74 82 90 98 106 2.4 0 0 0 0 0 12.7017 32.254 
74 66 82 90 98 106 0.7 0 0 0 0 0 14.5155 21.6349 
82 74 66 90 98 106 0.1 0 0 0 0 0 14.6787 33.3513 
90 74 82 66 98 106 0.3 0 0 0 0 0 14.6155 32.0119 
98 74 82 90 66 106 0.8 0 0 0 0 0 14.3502 22.2398 
106 74 82 90 98 66 0.6 0 0 0 0 0 14.8292 17.3691 
67 75 83 91 99 107 2.4 0 0 0 0 0 12.5719 31.821 
75 67 83 91 99 107 0.7 0 0 0 0 0 14.4601 21.1657 
83 75 67 91 99 107 0.1 0 0 0 0 0 14.664 32.8429 
91 75 83 67 99 107 0.2 0 0 0 0 0 14.6287 32.5573 
99 75 83 91 67 107 0.7 0 0 0 0 0 14.4017 22.7846 
107 75 83 91 99 67 0.7 0 0 0 0 0 14.7307 14.9879 
68 76 84 92 100 108 2.5 0 0 0 0 0 12.4377 31.3637 
76 68 84 92 100 108 0.8 0 0 0 0 0 14.402 20.6804 
84 76 68 92 100 108 0.2 0 0 0 0 0 14.6467 32.3264 
92 76 84 68 100 108 0 0 0 0 0 0 14.6392 33.0991 
100 76 84 92 68 108 0.6 0 0 0 0 0 14.4504 23.3224 
108 76 84 92 100 68 0.7 0 0 0 0 0 14.5776 12.5834 
69 77 85 93 101 109 2.6 0 0 0 0 0 12.2987 30.8818 
77 69 85 93 101 109 0.9 0 0 0 0 0 14.3409 20.1825 
85 77 69 93 101 109 0.3 0 0 0 0 0 14.6268 31.8025 
93 77 85 69 101 109 0 0 0 0 0 0 14.6469 33.6391 
101 77 85 93 69 109 0.6 0 0 0 0 0 14.4963 23.8556 
109 77 85 93 101 69 0.8 0 0 0 0 0 14.3401 10.1531 
70 78 86 94 102 110 2.7 0 0 0 0 0 12.1546 30.3749 
78 70 86 94 102 110 1 0 0 0 0 0 14.2767 19.672 
86 78 70 94 102 110 0.3 0 0 0 0 0 14.6039 31.2713 
94 78 86 70 102 110 0 0 0 0 0 0 14.6516 34.1337 
102 78 86 94 70 110 0.5 0 0 0 0 0 14.5393 24.3858 
110 78 86 94 102 70 0.8 0 0 0 0 0 13.9742 7.69644 
71 79 87 95 103 111 2.8 0 0 0 0 0 12.005 29.8427 
79 71 87 95 103 111 1 0 0 0 0 0 14.209 19.149 
87 79 71 95 103 111 0.4 0 0 0 0 0 14.5779 30.7326 
95 79 87 71 103 111 0.1 0 0 0 0 0 14.6533 32.736 
103 79 87 95 71 111 0.4 0 0 0 0 0 14.5792 24.9133 
111 79 87 95 103 71 0.9 0 0 0 0 0 13.4213 5.21483 
72 80 88 96 104 112 2.6 0 0 0 0 0 12.1373 31.1523 
80 72 88 96 104 112 1 0 0 0 0 0 14.2275 19.5795 
88 80 72 96 104 112 0.4 0 0 0 0 0 14.5849 30.9388 
96 80 88 72 104 112 0.1 0 0 0 0 0 14.6649 34.0026 
104 80 88 96 72 112 0.5 0 0 0 0 0 14.5892 24.5746 
112 80 88 96 104 72 0.8 0 0 0 0 0 13.8697 6.59374 
73 81 89 97 105 113 2.7 0 0 0 0 0 11.9875 30.5842 
81 73 89 97 105 113 1.1 0 0 0 0 0 14.1605 19.0452 
89 81 73 97 105 113 0.5 0 0 0 0 0 14.5594 30.4004 
97 81 89 73 105 113 0.2 0 0 0 0 0 14.6671 33.4586 
105 81 89 97 73 113 0.4 0 0 0 0 0 14.6293 25.0662 
113 81 89 97 105 73 0.9 0 0 0 0 0 13.2687 4.14972 
74 82 90 98 106 114 2.8 0 0 0 0 0 11.8323 29.9955 
82 74 90 98 106 114 1.1 0 0 0 0 0 14.0901 18.5012 
90 82 74 98 106 114 0.5 0 0 0 0 0 14.5309 29.857 
98 82 90 74 106 114 0.2 0 0 0 0 0 14.6665 32.9132 
106 82 90 98 74 114 0.3 0 0 0 0 0 14.6666 25.5526 
114 82 90 98 106 74 1 0 0 0 0 0 12.4133 1.69227 
75 83 91 99 107 115 2.9 0 0 0 0 0 11.6717 29.386 
83 75 91 99 107 115 1.2 0 0 0 0 0 14.0158 17.9474 
91 83 75 99 107 115 0.6 0 0 0 0 0 14.4992 29.3085 
99 83 91 75 107 115 0.3 0 0 0 0 0 14.6628 32.3663 
107 83 91 99 75 115 0.2 0 0 0 0 0 14.7009 26.0342 
115 83 91 99 107 75 46.6 0 0 0 0 0 11.2553 -0.435497 
76 84 92 100 108 116 3 0 0 0 0 0 11.5053 28.7556 
84 76 92 100 108 116 1.3 0 0 0 0 0 13.9376 17.3799 
92 84 76 100 108 116 0.7 0 0 0 0 0 14.464 28.5686 
100 84 92 76 108 116 0.4 0 0 0 0 0 14.6556 31.1393 
108 84 92 100 76 116 0.2 0 0 0 0 0 14.7315 26.5113 
116 84 92 100 108 76 46.6 0 0 0 0 0 9.77458 -0.481246 
77 85 93 101 109 117 3.1 0 0 0 0 0 11.3327 28.104 
85 77 93 101 109 117 1.4 0 0 0 0 0 13.855 16.8014 
93 85 77 101 109 117 0.8 0 0 0 0 0 14.4249 27.491 
101 85 93 77 109 117 0.4 0 0 0 0 0 14.6443 29.3864 
109 85 93 101 77 117 0 0 0 0 0 0 14.757 26.9154 
117 85 93 101 109 77 46.7 0 0 0 0 0 7.98671 -0.53037 
78 86 94 102 110 118 3 0 0 0 0 0 11.4263 28.9425 
86 78 94 102 110 118 1.3 0 0 0 0 0 13.8764 17.079 
94 86 78 102 110 118 0.8 0 0 0 0 0 14.443 27.9087 
102 86 94 78 110 118 0.4 0 0 0 0 0 14.6728 31.418 
110 86 94 102 78 118 0 0 0 0 0 0 14.7867 26.4653 
118 86 94 102 110 78 46.6 0 0 0 0 0 9.08743 -0.466737 
79 87 95 103 111 119 3.1 0 0 0 0 0 11.2526 28.2666 
87 79 95 103 111 119 1.4 0 0 0 0 0 13.7938 16.4966 
95 87 79 103 111 119 0.8 0 0 0 0 0 14.4047 26.8333 
103 87 95 79 111 119 0.5 0 0 0 0 0 14.664 30.8795 
111 87 95 103 79 119 0 0 0 0 0 0 14.8162 26.8926 
119 87 95 103 111 79 46.7 0 0 0 0 0 7.25851 -0.510305 
80 88 96 104 112 120 3.2 0 0 0 0 0 11.0731 27.5738 
88 80 96 104 112 120 1.5 0 0 0 0 0 13.7068 15.9071 
96 88 80 104 112 120 0.9 0 0 0 0 0 14.3626 25.7481 
104 88 96 80 112 120 0.6 0 0 0 0 0 14.6515 30.2854 
112 88 96 104 80 120 0 0 0 0 0 0 14.841 26.4892 
120 88 96 104 112 80 46.7 0 0 0 0 0 5.21944 -0.553511 
81 89 97 105 113 121 3.3 0 0 0 0 0 10.8874 26.8639 
89 81 97 105 113 121 1.6 0 0 0 0 0 13.6153 15.3103 
97 89 81 105 113 121 1 0 0 0 0 0 14.3164 24.6537 
105 89 97 81 113 121 0.6 0 0 0 0 0 14.6343 28.5373 
113 89 97 105 81 121 0.1 0 0 0 0 0 14.8586 24.3174 
121 89 97 105 113 81 46.8 0 0 0 0 0 3.02205 -0.599234 
82 90 98 106 114 122 3.4 0 0 0 0 0 10.6955 26.1356 
90 82 98 106 114 122 1.6 0 0 0 0 0 13.5188 14.7052 
98 90 82 106 114 122 1.1 0 0 0 0 0 14.2653 23.5498 
106 90 98 82 114 122 0.7 0 0 0 0 0 14.6106 26.6155 
114 90 98 106 82 122 0.1 0 0 0 0 0 14.8647 21.9777 
122 90 98 106 114 82 46.8 0 0 0 0 0 0.710115 -0.64518 
83 91 99 107 115 123 3.5 0 0 0 0 0 10.4969 25.3871 
91 83 99 107 115 123 1.7 0 0 0 0 0 13.417 14.0883 
99 91 83 107 115 123 1.1 0 0 0 0 0 14.2086 22.4357 
107 91 99 83 115 123 0.8 0 0 0 0 0 14.5778 24.5219 
115 91 99 107 83 123 0.2 0 0 0 0 0 14.8512 19.4724 
123 91 99 107 115 83 46.9 0 0 0 0 0 -1.68419 -2.34996 
84 92 100 108 116 124 3.4 0 0 0 0 0 10.566 25.9242 
92 84 100 108 116 124 1.7 0 0 0 0 0 13.4449 14.2772 
100 92 84 108 116 124 1.1 0 0 0 0 0 14.2438 22.7569 
108 92 100 84 116 124 0.7 0 0 0 0 0 14.6393 26.5683 
116 92 100 108 84 124 0.1 0 0 0 0 0 14.9395 23.1713 
124 92 100 108 116 84 46.9 0 0 0 0 0 -0.126056 -0.586728 
85 93 101 109 117 125 3.5 0 0 0 0 0 10.3664 25.1622 
93 85 101 109 117 125 1.8 0 0 0 0 0 13.343 13.6641 
101 93 85 109 117 125 1.2 0 0 0 0 0 14.1884 21.657 
109 93 101 85 117 125 0.8 0 0 0 0 0 14.6124 25.04 
117 93 101 109 85 125 0.2 0 0 0 0 0 14.941 21.0748 
125 93 101 109 117 85 46.9 0 0 0 0 0 -2.41636 -3.20773 
86 94 102 110 118 126 3.6 0 0 0 0 0 10.1606 24.3864 
94 86 102 110 118 126 1.9 0 0 0 0 0 13.2358 13.0461 
102 94 86 110 118 126 1.2 0 0 0 0 0 14.1268 20.5505 
110 94 102 86 118 126 0.9 0 0 0 0 0 14.5753 23.5102 
118 94 102 110 86 126 0.2 0 0 0 0 0 14.9203 18.8103 
126 94 102 110 118 86 47 0 0 0 0 0 -4.74102 -5.95868 
87 95 103 111 119 127 3.7 0 0 0 0 0 9.94859 23.5972 
95 87 103 111 119 127 1.9 0 0 0 0 0 13.1227 12.4235 
103 95 87 111 119 127 1.3 0 0 0 0 0 14.0575 19.4391 
111 95 103 87 119 127 0.9 0 0 0 0 0 14.5228 21.9785 
119 95 103 111 87 127 0.3 0 0 0 0 0 14.8615 16.3793 
127 95 103 111 119 87 47 0 0 0 0 0 -7.08998 -8.71277 
88 96 104 112 120 128 3.9 0 0 0 0 0 9.73003 22.7944 
96 88 104 112 120 128 2 0 0 0 0 0 13.0033 11.7938 
104 96 88 112 120 128 1.4 0 0 0 0 0 13.9784 18.3226 
112 96 104 88 120 128 1 0 0 0 0 0 14.447 20.4105 
120 96 104 112 88 128 0.3 0 0 0 0 0 14.7371 13.7848 
128 96 104 112 120 88 47.1 0 0 0 0 0 -9.45812 -11.4715 
89 97 105 113 121 129 4 0 0 0 0 0 9.50474 21.9781 
97 89 105 113 121 129 2.1 0 0 0 0 0 12.8769 11.1556 
105 97 89 113 121 129 1.5 0 0 0 0 0 13.8866 17.1997 
113 97 105 89 121 129 1.1 0 0 0 0 0 14.3343 18.286 
121 97 105 113 89 129 0.4 0 0 0 0 0 14.4992 11.0285 
129 97 105 113 121 89 47.1 0 0 0 0 0 -11.8439 -14.2382 
90 98 106 114 122 130 3.9 0 0 0 0 0 9.56165 22.3202 
98 90 106 114 122 130 2.1 0 0 0 0 0 12.919 11.3108 
106 98 90 114 122 130 1.4 0 0 0 0 0 13.9554 17.5239 
114 98 106 90 122 130 1 0 0 0 0 0 14.489 19.2819 
122 98 106 114 90 130 0.3 0 0 0 0 0 14.8656 15.1182 
130 98 106 114 122 90 47.1 0 0 0 0 0 -9.74982 -11.9743 
91 99 107 115 123 131 4 0 0 0 0 0 9.33648 21.5006 
99 91 107 115 123 131 2.1 0 0 0 0 0 12.7928 10.6842 
107 99 91 115 123 131 1.5 0 0 0 0 0 13.8638 16.4285 
115 99 107 91 123 131 1.1 0 0 0 0 0 14.387 17.4751 
123 99 107 115 91 131 0.3 0 0 0 0 0 14.6941 12.8017 
131 99 107 115 123 91 47.1 0 0 0 0 0 -11.9697 -14.5893 
92 100 108 116 124 132 4.1 0 0 0 0 0 9.10534 20.6711 
100 92 108 116 124 132 2.2 0 0 0 0 0 12.6593 10.0552 
108 100 92 116 124 132 1.6 0 0 0 0 0 13.7557 15.332 
116 100 108 92 124 132 1.1 0 0 0 0 0 14.2372 15.6679 
124 100 108 116 92 132 0.4 0 0 0 0 0 14.3926 10.3226 
132 100 108 116 124 92 47.2 0 0 0 0 0 -14.1896 -17.1993 
93 101 109 117 125 133 4.2 0 0 0 0 0 8.86806 19.8277 
101 93 109 117 125 133 2.3 0 0 0 0 0 12.5176 9.42386 
109 101 93 117 125 133 1.6 0 0 0 0 0 13.6256 14.2348 
117 101 109 93 125 133 1.2 0 0 0 0 0 14.0151 13.8573 
125 101 109 117 93 133 0.4 0 0 0 0 0 13.8878 7.68229 
133 101 109 117 125 93 47.3 0 0 0 0 0 -16.4114 -19.8039 
94 102 110 118 126 134 4.3 0 0 0 0 0 8.62446 18.973 
102 94 110 118 126 134 2.4 0 0 0 0 0 12.3664 8.78449 
110 102 94 118 126 134 1.7 0 0 0 0 0 13.4659 13.1364 
118 102 110 94 126 134 1.2 0 0 0 0 0 13.6843 12.0468 
126 102 110 118 94 134 0.5 0 0 0 0 0 13.0819 4.88302 
134 102 110 118 126 94 47.3 0 0 0 0 0 -18.6388 -22.4054 
95 103 111 119 127 135 4.4 0 0 0 0 0 8.37435 18.1083 
103 95 111 119 127 135 2.4 0 0 0 0 0 12.2044 8.14215 
111 103 95 119 127 135 1.8 0 0 0 0 0 13.2656 12.0334 
119 103 111 95 127 135 1.3 0 0 0 0 0 13.1935 10.1357 
127 103 111 119 95 135 0.5 0 0 0 0 0 11.8686 1.92621 
135 103 111 119 127 95 47.4 0 0 0 0 0 -20.8766 -25.0065 
96 104 112 120 128 136 4.4 0 0 0 0 0 8.43367 18.3465 
104 96 112 120 128 136 2.4 0 0 0 0 0 12.2756 8.31541 
112 104 96 120 128 136 1.7 0 0 0 0 0 13.418 12.4555 
120 104 112 96 128 136 1.2 0 0 0 0 0 13.7034 11.1943 
128 104 112 120 96 136 0.3 0 0 0 0 0 13.439 6.55163 
136 104 112 120 128 96 47.3 0 0 0 0 0 -17.9011 -21.9542 
97 105 113 121 129 137 4.5 0 0 0 0 0 8.18617 17.489 
105 97 113 121 129 137 2.5 0 0 0 0 0 12.1139 7.69289 
113 105 97 121 129 137 1.8 0 0 0 0 0 13.2087 11.3969 
121 105 113 97 129 137 1.3 0 0 0 0 0 13.2386 9.17182 
129 105 113 121 97 137 0.4 0 0 0 0 0 12.493 4.07471 
137 105 113 121 129 97 47.4 0 0 0 0 0 -19.9232 -24.3481 
98 106 114 122 130 138 4.6 0 0 0 0 0 7.93317 16.6251 
106 98 114 122 130 138 2.5 0 0 0 0 0 11.9399 7.0704 
114 106 98 122 130 138 1.8 0 0 0 0 0 12.9442 10.3006 
122 106 114 98 130 138 1.3 0 0 0 0 0 12.5867 7.12952 
130 106 114 122 98 138 0.4 0 0 0 0 0 11.1836 1.4411 
138 106 114 122 130 98 47.5 0 0 0 0 0 -21.942 -26.7312 
99 107 115 123 131 139 4.7 0 0 0 0 0 7.6745 15.7548 
107 99 115 123 131 139 2.6 0 0 0 0 0 11.7514 6.44379 
115 107 99 123 131 139 1.9 0 0 0 0 0 12.6062 8.90191 
123 107 115 99 131 139 1.4 0 0 0 0 0 11.6962 5.09097 
131 107 115 123 99 139 109 0 0 0 0 0 9.47734 -1.34773 
139 107 115 123 131 99 47.5 0 0 0 0 0 -23.9634 -29.1051 
100 108 116 124 132 140 4.8 0 0 0 0 0 7.40998 14.8726 
108 100 116 124 132 140 2.7 0 0 0 0 0 11.5454 5.81496 
116 108 100 124 132 140 2 0 0 0 0 0 12.1717 7.49826 
124 108 116 100 132 140 1.4 0 0 0 0 0 10.5205 3.04965 
132 108 116 124 100 140 108.5 0 0 0 0 0 7.38101 -4.29099 
140 108 116 124 132 100 47.6 0 0 0 0 0 -25.995 -31.4713 
101 109 117 125 133 141 4.9 0 0 0 0 0 7.13937 13.9833 
109 101 117 125 133 141 2.7 0 0 0 0 0 11.3181 5.1856 
117 109 101 125 133 141 2 0 0 0 0 0 11.6123 6.09459 
125 109 117 101 133 141 1.5 0 0 0 0 0 9.02793 1.00946 
133 109 117 125 101 141 108.1 0 0 0 0 0 4.93257 -7.38728 
141 109 117 125 133 101 47.6 0 0 0 0 0 -28.0462 -33.8339 
102 110 118 126 134 142 4.9 0 0 0 0 0 7.22029 14.1922 
110 102 118 126 134 142 2.7 0 0 0 0 0 11.4494 5.4305 
118 110 102 126 134 142 2 0 0 0 0 0 12.0172 6.80328 
126 110 118 102 134 142 1.3 0 0 0 0 0 10.5261 2.47753 
134 110 118 126 102 142 117 0 0 0 0 0 8.49349 -2.01364 
142 110 118 126 134 102 47.6 0 0 0 0 0 -23.6795 -29.4596 
103 111 119 127 135 143 5 0 0 0 0 0 6.95609 13.321 
111 103 119 127 135 143 2.8 0 0 0 0 0 11.2204 4.82998 
119 111 103 127 135 143 2 0 0 0 0 0 11.4336 5.25813 
127 111 119 103 135 143 1.4 0 0 0 0 0 9.15743 0.564197 
135 111 119 127 103 143 116.2 0 0 0 0 0 6.49489 -4.5779 
143 111 119 127 135 103 47.6 0 0 0 0 0 -25.4566 -31.5514 
104 112 120 128 136 144 5.1 0 0 0 0 0 6.68701 12.4467 
112 104 120 128 136 144 2.8 0 0 0 0 0 10.9653 4.22926 
120 112 104 128 136 144 2.1 0 0 0 0 0 10.7038 3.59425 
128 112 120 104 136 144 45.2 0 0 0 0 0 7.53582 -1.33797 
136 112 120 128 104 144 115.5 0 0 0 0 0 4.24525 -7.29248 
144 112 120 128 136 104 47.7 0 0 0 0 0 -27.2409 -33.6272 
105 113 121 129 137 145 5.2 0 0 0 0 0 6.41279 11.5693 
113 105 121 129 137 145 2.9 0 0 0 0 0 10.6778 3.627 
121 113 105 129 137 145 2.1 0 0 0 0 0 9.80395 1.93189 
129 113 121 105 137 145 45.2 0 0 0 0 0 5.67606 -3.23049 
137 113 121 129 105 145 115 0 0 0 0 0 1.77773 -10.157 
145 113 121 129 137 105 47.8 0 0 0 0 0 -29.0433 -35.6942 
106 114 122 130 138 146 5.3 0 0 0 0 0 6.1331 10.6845 
114 106 122 130 138 146 3 0 0 0 0 0 10.3501 3.02629 
122 114 106 130 138 146 2.2 0 0 0 0 0 8.71408 0.268663 
130 114 122 106 138 146 45.3 0 0 0 0 0 3.59878 -5.29454 
138 114 122 130 106 146 114.5 0 0 0 0 0 -0.882263 -13.1714 
146 114 122 130 138 106 47.8 0 0 0 0 0 -30.8776 -37.7536 
107 115 123 131 139 147 5.4 0 0 0 0 0 5.84757 9.79412 
115 107 123 131 139 147 3 0 0 0 0 0 9.97204 2.42677 
123 115 107 131 139 147 2.2 0 0 0 0 0 7.42031 -1.43608 
131 115 123 107 139 147 45.3 0 0 0 0 0 1.32329 -7.845 
139 115 123 131 107 147 114.1 0 0 0 0 0 -3.71923 -16.3358 
147 115 123 131 139 107 47.9 0 0 0 0 0 -32.7605 -39.8115 
108 116 124 132 140 148 5.4 0 0 0 0 0 5.97594 10.0457 
116 108 124 132 140 148 3 0 0 0 0 0 10.2375 2.80368 
124 116 108 132 140 148 2.1 0 0 0 0 0 8.43106 -0.25319 
132 116 124 108 140 148 45.3 0 0 0 0 0 4.01588 -5.50115 
140 116 124 132 108 148 123.1 0 0 0 0 0 1.46881 -9.89455 
148 116 124 132 140 108 47.8 0 0 0 0 0 -26.2057 -33.3273 
109 117 125 133 141 149 5.5 0 0 0 0 0 5.70174 9.18516 
117 109 125 133 141 149 3 0 0 0 0 0 9.85074 2.24299 
125 117 109 133 141 149 37.2 0 0 0 0 0 7.15734 -1.82343 
133 117 125 109 141 149 45.3 0 0 0 0 0 1.98175 -7.87859 
141 117 125 133 109 149 122.3 0 0 0 0 0 -0.871034 -12.4565 
149 117 125 133 141 109 47.9 0 0 0 0 0 -27.7416 -35.0376 
110 118 126 134 142 150 5.6 0 0 0 0 0 5.42282 8.32467 
118 110 126 134 142 150 3.1 0 0 0 0 0 9.4007 1.6811 
126 118 110 134 142 150 37.2 0 0 0 0 0 5.70916 -3.35499 
134 118 126 110 142 150 51.1 0 0 0 0 0 -0.184073 -10.1597 
142 118 126 134 110 150 121.6 0 0 0 0 0 -3.34251 -15.163 
150 118 126 134 142 110 47.9 0 0 0 0 0 -29.3155 -36.7331 
111 119 127 135 143 151 5.6 0 0 0 0 0 5.1386 7.46399 
119 111 127 135 143 151 3.1 0 0 0 0 0 8.8729 1.12231 
127 119 111 135 143 151 37.3 0 0 0 0 0 4.09281 -5.29715 
135 119 127 111 143 151 51.1 0 0 0 0 0 -2.47197 -12.1841 
143 119 127 135 111 151 121.1 0 0 0 0 0 -5.94314 -18.0152 
151 119 127 135 143 111 48 0 0 0 0 0 -30.9465 -38.4255 
112 120 128 136 144 152 5.7 0 0 0 0 0 4.84829 6.59829 
120 112 128 136 144 152 3.2 0 0 0 0 0 8.25031 0.56646 
128 120 112 136 144 152 37.3 0 0 0 0 0 2.3169 -7.5215 
136 120 128 112 144 152 51.1 0 0 0 0 0 -4.87903 -14.1991 
144 120 128 136 112 152 120.6 0 0 0 0 0 -8.67604 -21.0151 
152 120 128 136 144 112 48 0 0 0 0 0 -32.6571 -40.1177 
113 121 129 137 145 153 5.8 0 0 0 0 0 4.55089 5.73011 
121 113 129 137 145 153 3.2 0 0 0 0 0 7.51372 0.0129477 
129 121 113 137 145 153 43.1 0 0 0 0 0 0.389721 -9.6353 
137 121 129 113 145 153 51.2 0 0 0 0 0 -7.40866 -16.7383 
145 121 129 137 113 153 120.2 0 0 0 0 0 -11.5485 -24.1641 
153 121 129 137 145 113 48.1 0 0 0 0 0 -34.4742 -41.8184 
114 122 130 138 146 154 5.8 0 0 0 0 0 4.76281 6.10033 
122 114 130 138 146 154 3.2 0 0 0 0 0 8.09857 0.595341 
130 122 114 138 146 154 43.1 0 0 0 0 0 2.25602 -7.85564 
138 122 130 114 146 154 51.2 0 0 0 0 0 -3.49915 -13.2911 
146 122 130 138 114 154 129.4 0 0 0 0 0 -4.50133 -16.1496 
154 122 130 138 146 114 48 0 0 0 0 0 -24.3028 -31.8492 
115 123 131 139 147 155 5.9 0 0 0 0 0 4.48222 5.27458 
123 115 131 139 147 155 3.2 0 0 0 0 0 7.349 0.0919514 
131 123 115 139 147 155 43.1 0 0 0 0 0 0.440729 -9.58768 
139 123 131 115 147 155 51.2 0 0 0 0 0 -5.72569 -15.7432 
147 123 131 139 115 155 128.6 0 0 0 0 0 -6.8107 -18.5965 
155 123 131 139 147 115 48.1 0 0 0 0 0 -25.6747 -33.1496 
116 124 132 140 148 156 6 0 0 0 0 0 4.19483 4.45157 
124 116 132 140 148 156 3.3 0 0 0 0 0 6.47191 -1.19379 
132 124 116 140 148 156 43.1 0 0 0 0 0 -1.4866 -11.3073 
140 124 132 116 148 156 51.2 0 0 0 0 0 -8.03531 -18.182 
148 124 132 140 116 156 127.9 0 0 0 0 0 -9.2258 -21.1847 
156 124 132 140 148 116 48.1 0 0 0 0 0 -27.1394 -34.7369 
117 125 133 141 149 157 6 0 0 0 0 0 3.89887 3.63084 
125 117 133 141 149 157 3.3 0 0 0 0 0 5.45169 -2.70747 
133 125 117 141 149 157 43.2 0 0 0 0 0 -3.52048 -13.5594 
141 125 133 117 149 157 57 0 0 0 0 0 -10.434 -20.3128 
149 125 133 141 117 157 127.3 0 0 0 0 0 -11.7549 -23.9179 
157 125 133 141 149 117 48.2 0 0 0 0 0 -28.7216 -36.6584 
118 126 134 142 150 158 6.1 0 0 0 0 0 3.59195 2.80683 
126 118 134 142 150 158 3.4 0 0 0 0 0 4.27511 -4.27558 
134 126 118 142 150 158 43.2 0 0 0 0 0 -5.65867 -15.9572 
142 126 134 118 150 158 57 0 0 0 0 0 -12.9312 -22.4017 
150 126 134 142 118 158 126.8 0 0 0 0 0 -14.4092 -26.8001 
158 126 134 142 150 118 48.2 0 0 0 0 0 -30.4482 -38.6033 
119 127 135 143 151 159 6.2 0 0 0 0 0 3.27083 1.98295 
127 119 135 143 151 159 35.1 0 0 0 0 0 2.93237 -5.72547 
135 127 119 143 151 159 49 0 0 0 0 0 -7.90246 -18.1757 
143 127 135 119 151 159 57.1 0 0 0 0 0 -15.5403 -24.8261 
151 127 135 143 119 159 126.4 0 0 0 0 0 -17.2017 -29.836 
159 127 135 143 151 119 48.3 0 0 0 0 0 -32.3473 -40.5832 
120 128 136 144 152 160 6.1 0 0 0 0 0 3.62248 2.5587 
128 120 136 144 152 160 35.1 0 0 0 0 0 4.16587 -4.32777 
136 128 120 144 152 160 49 0 0 0 0 0 -4.99882 -15.4529 
144 128 136 120 152 160 57.1 0 0 0 0 0 -9.97718 -19.7368 
152 128 136 144 120 160 136.1 0 0 0 0 0 -7.38814 -19.3654 
160 128 136 144 152 120 48.2 0 0 0 0 0 -15.3157 -23.7206 
121 129 137 145 153 161 6.2 0 0 0 0 0 3.32231 1.79111 
129 121 137 145 153 161 35.2 0 0 0 0 0 2.84907 -5.79093 
137 129 121 145 153 161 49 0 0 0 0 0 -7.06441 -17.3065 
145 129 137 121 153 161 57.1 0 0 0 0 0 -12.2189 -22.1961 
153 129 137 145 121 161 135.2 0 0 0 0 0 -9.50341 -21.5467 
161 129 137 145 153 121 48.3 0 0 0 0 0 -16.6199 -25.2338 
122 130 138 146 154 162 6.3 0 0 0 0 0 3.00444 1.02823 
130 122 138 146 154 162 35.2 0 0 0 0 0 1.38166 -7.87505 
138 130 122 146 154 162 49 0 0 0 0 0 -9.2099 -19.1463 
146 130 138 122 154 162 57.1 0 0 0 0 0 -14.5372 -24.6436 
154 130 138 146 122 162 134.4 0 0 0 0 0 -11.7251 -23.8723 
162 130 138 146 154 122 73 0 0 0 0 0 -18.0666 -26.5207 
123 131 139 147 155 163 6.4 0 0 0 0 0 2.66262 0.269234 
131 123 139 147 155 163 41 0 0 0 0 0 -0.235183 -9.8575 
139 131 123 147 155 163 49.1 0 0 0 0 0 -11.4386 -21.6616 
147 131 139 123 155 163 62.9 0 0 0 0 0 -16.9435 -26.8593 
155 131 139 147 123 163 133.7 0 0 0 0 0 -14.0649 -26.3498 
163 131 139 147 155 123 73.1 0 0 0 0 0 -19.6765 -28.1903 
124 132 140 148 156 164 6.4 0 0 0 0 0 2.28827 -0.490974 
132 124 140 148 156 164 41 0 0 0 0 0 -1.99846 -11.5769 
140 132 124 148 156 164 49.1 0 0 0 0 0 -13.7562 -24.1842 
148 132 140 124 156 164 62.9 0 0 0 0 0 -19.4523 -28.9666 
156 132 140 148 124 164 133.2 0 0 0 0 0 -16.5368 -28.9871 
164 132 140 148 156 124 73.1 0 0 0 0 0 -21.4706 -30.3433 
125 133 141 149 157 165 6.5 0 0 0 0 0 1.8697 -1.25069 
133 125 141 149 157 165 41.1 0 0 0 0 0 -3.90469 -13.5068 
141 133 125 149 157 165 54.9 0 0 0 0 0 -16.1708 -26.4584 
149 133 141 125 157 165 63 0 0 0 0 0 -22.081 -31.3008 
157 133 141 149 125 165 132.7 0 0 0 0 0 -19.1567 -31.7942 
165 133 141 149 157 125 78.9 0 0 0 0 0 -23.4709 -32.4589 
126 134 142 150 158 166 6.6 0 0 0 0 0 1.39102 -2.00958 
134 126 142 150 158 166 41.1 0 0 0 0 0 -5.95116 -15.9522 
142 134 126 150 158 166 54.9 0 0 0 0 0 -18.6933 -28.6383 
150 134 142 126 158 166 63 0 0 0 0 0 -24.8502 -34.1043 
158 134 142 150 126 166 132.3 0 0 0 0 0 -21.9423 -34.7806 
166 134 142 150 158 126 78.9 0 0 0 0 0 -25.701 -34.4357 
127 135 143 151 159 167 6.7 0 0 0 0 0 0.830897 -2.76894 
135 127 143 151 159 167 46.9 0 0 0 0 0 -8.13712 -18.2792 
143 135 127 151 159 167 55 0 0 0 0 0 -21.3381 -31.2016 
151 135 143 127 159 167 63 0 0 0 0 0 -27.7841 -36.9362 
159 135 143 151 127 167 131.9 0 0 0 0 0 -24.9125 -37.958 
167 135 143 151 159 127 79 0 0 0 0 0 -28.187 -36.6701 
128 136 144 152 160 168 6.7 0 0 0 0 0 0.161408 -4.10976 
136 128 144 152 160 168 46.9 0 0 0 0 0 -10.4647 -20.3766 
144 136 128 152 160 168 55 0 0 0 0 0 -24.1237 -34.125 
152 136 144 128 160 168 122.3 0 0 0 0 0 -30.9099 -40.5032 
160 136 144 152 128 168 131.6 0 0 0 0 0 -28.0877 -41.3388 
168 136 144 152 160 128 79 0 0 0 0 0 -30.9586 -39.5567 
129 137 145 153 161 169 6.8 0 0 0 0 0 -0.652658 -5.98467 
137 129 145 153 161 169 47 0 0 0 0 0 -12.9399 -22.7654 
145 137 129 153 161 169 60.8 0 0 0 0 0 -27.0737 -36.9535 
153 137 145 129 161 169 122.1 0 0 0 0 0 -34.2575 -44.68 
161 137 145 153 129 169 131.3 0 0 0 0 0 -31.4886 -44.9367 
169 137 145 153 161 129 138.6 0 0 0 0 0 -34.0494 -43.0007 
130 138 146 154 162 170 6.9 0 0 0 0 0 -1.6532 -7.87563 
138 130 146 154 162 170 47 0 0 0 0 0 -15.5738 -25.6478 
146 138 130 154 162 170 60.8 0 0 0 0 0 -30.2179 -39.5803 
154 138 146 130 162 170 122 0 0 0 0 0 -37.8577 -49.0549 
162 138 146 154 130 170 131.1 0 0 0 0 0 -35.1371 -48.7678 
170 138 146 154 162 130 138.3 0 0 0 0 0 -37.4978 -47.2372 
131 139 147 155 163 171 6.9 0 0 0 0 0 -2.88618 -10.1157 
139 131 147 155 163 171 52.8 0 0 0 0 0 -18.3838 -28.3995 
147 139 131 155 163 171 60.9 0 0 0 0 0 -33.5924 -42.4632 
155 139 147 131 163 171 121.9 0 0 0 0 0 -41.7403 -53.6374 
163 139 147 155 131 171 130.9 0 0 0 0 0 -39.0554 -52.8492 
171 139 147 155 163 131 138.1 0 0 0 0 0 -41.3469 -51.8428 
132 140 148 156 164 172 7 0 0 0 0 0 -4.39703 -12.4328 
140 132 148 156 164 172 52.8 0 0 0 0 0 -21.3953 -30.9637 
148 140 132 156 164 172 113.1 0 0 0 0 0 -37.2389 -46.2464 
156 140 148 132 164 172 121.8 0 0 0 0 0 -45.9325 -58.439 
164 140 148 156 132 172 130.7 0 0 0 0 0 -43.2671 -57.2012 
172 140 148 156 164 132 138 0 0 0 0 0 -45.6445 -56.8478 
133 141 149 157 165 173 39 0 0 0 0 0 -6.22547 -14.721 
141 133 149 157 165 173 52.9 0 0 0 0 0 -24.6437 -33.9754 
149 141 133 157 165 173 113 0 0 0 0 0 -41.2019 -51.4221 
157 141 149 133 165 173 121.7 0 0 0 0 0 -50.4566 -63.473 
165 141 149 157 133 173 130.6 0 0 0 0 0 -47.7972 -61.847 
173 141 149 157 165 133 137.8 0 0 0 0 0 -50.4422 -62.2885 
134 142 150 158 166 174 44.8 0 0 0 0 0 -8.40308 -17.1532 
142 134 150 158 166 174 52.9 0 0 0 0 0 -28.1749 -37.4058 
150 142 134 158 166 174 113 0 0 0 0 0 -45.5233 -56.8047 
158 142 150 134 166 174 121.7 0 0 0 0 0 -55.3301 -68.7556 
166 142 150 158 134 174 130.4 0 0 0 0 0 -52.6735 -66.8144 
174 142 150 158 166 134 137.7 0 0 0 0 0 -55.7957 -68.2076 
135 143 151 159 167 175 44.9 0 0 0 0 0 -10.956 -19.6548 
143 135 151 159 167 175 58.7 0 0 0 0 0 -32.0434 -40.8686 
151 143 135 159 167 175 113 0 0 0 0 0 -50.2362 -62.4025 
159 143 151 135 167 175 121.6 0 0 0 0 0 -60.5669 -74.3057 
167 143 151 159 135 175 130.3 0 0 0 0 0 -57.9284 -72.1363 
175 143 151 159 167 135 137.6 0 0 0 0 0 -61.7653 -74.6575 
136 144 152 160 168 176 44.9 0 0 0 0 0 -13.9126 -22.93 
144 136 152 160 168 176 104.5 0 0 0 0 0 -36.3061 -46.5804 
152 144 136 160 168 176 113 0 0 0 0 0 -55.3599 -68.2268 
160 144 152 136 168 176 121.6 0 0 0 0 0 -66.1795 -80.1466 
168 144 152 160 136 176 130.2 0 0 0 0 0 -63.6014 -77.8536 
176 144 152 160 168 136 137.5 0 0 0 0 0 -68.4187 -81.7035 
137 145 153 161 169 177 50.7 0 0 0 0 0 -17.3107 -26.0482 
145 137 153 161 169 177 104.6 0 0 0 0 0 -41.0104 -52.4933 
153 145 137 161 169 177 113.1 0 0 0 0 0 -60.8992 -74.2908 
161 145 153 137 169 177 121.6 0 0 0 0 0 -72.1828 -86.3055 
169 145 153 161 137 177 130.2 0 0 0 0 0 -69.7429 -84.0195 
177 145 153 161 169 137 137.5 0 0 0 0 0 -75.8372 -89.4299 
138 146 154 162 170 178 96.2 0 0 0 0 0 -21.1983 -30.1996 
146 138 154 162 170 178 104.6 0 0 0 0 0 -46.1829 -58.6141 
154 146 138 162 170 178 113.1 0 0 0 0 0 -66.8489 -80.6117 
162 146 154 138 170 178 121.6 0 0 0 0 0 -78.5973 -92.8164 
170 146 154 162 138 178 130.1 0 0 0 0 0 -76.4213 -90.7044 
178 146 154 162 170 138 137.4 0 0 0 0 0 -84.1262 -97.9497 
139 147 155 163 171 179 96.3 0 0 0 0 0 -25.6221 -36.2536 
147 139 155 163 171 179 104.7 0 0 0 0 0 -51.8233 -64.952 
155 147 139 163 171 179 113.1 0 0 0 0 0 -73.2006 -87.2078 
163 147 155 139 171 179 121.6 0 0 0 0 0 -85.4531 -99.722 
171 147 155 163 139 179 130.1 0 0 0 0 0 -83.7349 -98.0091 
179 147 155 163 171 139 137.4 0 0 0 0 0 -93.4341 -107.421 
