30 40 50 60 70 80 9.7 0 0 0 0 0 31.6292 -5.35501 
40 30 50 60 70 80 0.6 0 0 0 0 0 37.2764 7.15186 
50 40 30 60 70 80 1.3 0 0 0 0 0 37.3805 22.7693 
60 40 50 30 70 80 1.5 0 0 0 0 0 36.7786 27.1287 
70 40 50 60 30 80 1.2 0 0 0 0 0 36.6625 29.9885 
80 40 50 60 70 30 2 0 0 0 0 0 36.2321 22.3301 
31 41 51 61 71 81 8.7 0 0 0 0 0 32.1866 -4.78159 
41 31 51 61 71 81 0.5 0 0 0 0 0 37.3739 8.18304 
51 41 31 61 71 81 1.2 0 0 0 0 0 37.3433 24.0783 
61 41 51 31 71 81 1.5 0 0 0 0 0 36.7832 27.6083 
71 41 51 61 31 81 1.2 0 0 0 0 0 36.6881 30.6005 
81 41 51 61 71 31 2 0 0 0 0 0 36.1148 22.7058 
32 42 52 62 72 82 7.9 0 0 0 0 0 32.6753 -4.27394 
42 32 52 62 72 82 0.5 0 0 0 0 0 37.4313 9.13381 
52 42 32 62 72 82 1.2 0 0 0 0 0 37.3074 25.2615 
62 42 52 32 72 82 1.4 0 0 0 0 0 36.7893 28.1019 
72 42 52 62 32 82 1.1 0 0 0 0 0 36.7125 31.2226 
82 42 52 62 72 32 2.1 0 0 0 0 0 35.9931 23.0837 
33 43 53 63 73 83 7.2 0 0 0 0 0 33.1015 -3.82614 
43 33 53 63 73 83 0.4 0 0 0 0 0 37.4589 10.0043 
53 43 33 63 73 83 1.2 0 0 0 0 0 37.2736 26.3195 
63 43 53 33 73 83 1.3 0 0 0 0 0 36.7969 28.6089 
73 43 53 63 33 83 1 0 0 0 0 0 36.7353 31.8548 
83 43 53 63 73 33 2.2 0 0 0 0 0 35.8673 23.4547 
34 44 54 64 74 84 6.6 0 0 0 0 0 33.4709 -3.43246 
44 34 54 64 74 84 0.4 0 0 0 0 0 37.4647 10.7957 
54 44 34 64 74 84 1.1 0 0 0 0 0 37.2423 27.2535 
64 44 54 34 74 84 1.3 0 0 0 0 0 36.8056 29.1322 
74 44 54 64 34 84 0.9 0 0 0 0 0 36.7565 32.4927 
84 44 54 64 74 34 2.2 0 0 0 0 0 35.7374 23.443 
35 45 55 65 75 85 6 0 0 0 0 0 33.7889 -3.08765 
45 35 55 65 75 85 0.7 0 0 0 0 0 37.7158 14.8425 
55 45 35 65 75 85 1.5 0 0 0 0 0 37.0144 26.6518 
65 45 55 35 75 85 1.4 0 0 0 0 0 36.6735 28.3016 
75 45 55 65 35 85 1 0 0 0 0 0 36.7034 32.0469 
85 45 55 65 75 35 2.3 0 0 0 0 0 35.6035 23.2669 
36 46 56 66 76 86 5.6 0 0 0 0 0 34.0604 -2.78693 
46 36 56 66 76 86 0.7 0 0 0 0 0 37.6899 16.0878 
56 46 36 66 76 86 1.5 0 0 0 0 0 36.9978 27.0337 
66 46 56 36 76 86 1.4 0 0 0 0 0 36.6926 28.8542 
76 46 56 66 36 86 0.9 0 0 0 0 0 36.7283 32.6948 
86 46 56 66 76 36 2.4 0 0 0 0 0 35.4654 22.927 
37 47 57 67 77 87 5.2 0 0 0 0 0 34.29 -2.52568 
47 37 57 67 77 87 0.7 0 0 0 0 0 37.6545 17.2266 
57 47 37 67 77 87 1.4 0 0 0 0 0 36.9838 27.4346 
67 47 57 37 77 87 1.3 0 0 0 0 0 36.7118 29.4198 
77 47 57 67 37 87 0.8 0 0 0 0 0 36.7507 33.35 
87 47 57 67 77 37 2.4 0 0 0 0 0 35.3228 22.4249 
38 48 58 68 78 88 4.8 0 0 0 0 0 34.4818 -2.29974 
48 38 58 68 78 88 0.7 0 0 0 0 0 37.6137 18.2596 
58 48 38 68 78 88 1.4 0 0 0 0 0 36.9723 27.855 
68 48 58 38 78 88 1.2 0 0 0 0 0 36.7309 29.9985 
78 48 58 68 38 88 0.7 0 0 0 0 0 36.7704 34.0123 
88 48 58 68 78 38 2.5 0 0 0 0 0 35.1754 21.7619 
39 49 59 69 79 89 4.5 0 0 0 0 0 34.6397 -2.10575 
49 39 59 69 79 89 0.7 0 0 0 0 0 37.5702 19.1878 
59 49 39 69 79 89 1.3 0 0 0 0 0 36.9632 28.295 
69 49 59 39 79 89 1.1 0 0 0 0 0 36.7497 30.5906 
79 49 59 69 39 89 0.6 0 0 0 0 0 36.7872 34.6819 
89 49 59 69 79 39 2.6 0 0 0 0 0 35.0226 20.9396 
40 50 60 70 80 90 0.6 0 0 0 0 0 37.2764 7.15186 
50 40 60 70 80 90 1.3 0 0 0 0 0 37.3805 22.7693 
60 50 40 70 80 90 1.5 0 0 0 0 0 36.7786 27.1287 
70 50 60 40 80 90 1.2 0 0 0 0 0 36.6625 29.9885 
80 50 60 70 40 90 0.7 0 0 0 0 0 36.7587 34.3284 
90 50 60 70 80 40 2.5 0 0 0 0 0 35.1266 24.8266 
41 51 61 71 81 91 0.5 0 0 0 0 0 37.3739 8.18304 
51 41 61 71 81 91 1.2 0 0 0 0 0 37.3433 24.0783 
61 51 41 71 81 91 1.5 0 0 0 0 0 36.7832 27.6083 
71 51 61 41 81 91 1.2 0 0 0 0 0 36.6881 30.6005 
81 51 61 71 41 91 0.6 0 0 0 0 0 36.7769 35.0008 
91 51 61 71 81 41 2.6 0 0 0 0 0 34.9796 24.1761 
42 52 62 72 82 92 0.5 0 0 0 0 0 37.4313 9.13381 
52 42 62 72 82 92 1.2 0 0 0 0 0 37.3074 25.2615 
62 52 42 72 82 92 1.4 0 0 0 0 0 36.7893 28.1019 
72 52 62 42 82 92 1.1 0 0 0 0 0 36.7125 31.2226 
82 52 62 72 42 92 0.5 0 0 0 0 0 36.7916 35.6775 
92 52 62 72 82 42 2.7 0 0 0 0 0 34.8292 23.5197 
43 53 63 73 83 93 0.4 0 0 0 0 0 37.4589 10.0043 
53 43 63 73 83 93 1.2 0 0 0 0 0 37.2736 26.3195 
63 53 43 73 83 93 1.3 0 0 0 0 0 36.7969 28.6089 
73 53 63 43 83 93 1 0 0 0 0 0 36.7353 31.8548 
83 53 63 73 43 93 0.3 0 0 0 0 0 36.8027 36.3585 
93 53 63 73 83 43 2.8 0 0 0 0 0 34.675 22.8572 
44 54 64 74 84 94 0.4 0 0 0 0 0 37.4647 10.7957 
54 44 64 74 84 94 1.1 0 0 0 0 0 37.2423 27.2535 
64 54 44 74 84 94 1.3 0 0 0 0 0 36.8056 29.1322 
74 54 64 44 84 94 0.9 0 0 0 0 0 36.7565 32.4927 
84 54 64 74 44 94 0.2 0 0 0 0 0 36.81 37.0438 
94 54 64 74 84 44 2.8 0 0 0 0 0 34.5168 22.1885 
45 55 65 75 85 95 0.7 0 0 0 0 0 37.7158 14.8425 
55 45 65 75 85 95 1.5 0 0 0 0 0 37.0144 26.6518 
65 55 45 75 85 95 1.4 0 0 0 0 0 36.6735 28.3016 
75 55 65 45 85 95 1 0 0 0 0 0 36.7034 32.0469 
85 55 65 75 45 95 0.3 0 0 0 0 0 36.7992 36.7307 
95 55 65 75 85 45 2.8 0 0 0 0 0 34.6044 22.5318 
46 56 66 76 86 96 0.7 0 0 0 0 0 37.6899 16.0878 
56 46 66 76 86 96 1.5 0 0 0 0 0 36.9978 27.0337 
66 56 46 76 86 96 1.4 0 0 0 0 0 36.6926 28.8542 
76 56 66 46 86 96 0.9 0 0 0 0 0 36.7283 32.6948 
86 56 66 76 46 96 0.2 0 0 0 0 0 36.8064 37.4074 
96 56 66 76 86 46 2.9 0 0 0 0 0 34.4504 21.8644 
47 57 67 77 87 97 0.7 0 0 0 0 0 37.6545 17.2266 
57 47 67 77 87 97 1.4 0 0 0 0 0 36.9838 27.4346 
67 57 47 77 87 97 1.3 0 0 0 0 0 36.7118 29.4198 
77 57 67 47 87 97 0.8 0 0 0 0 0 36.7507 33.35 
87 57 67 77 47 97 0 0 0 0 0 0 36.8096 38.0831 
97 57 67 77 87 47 2.9 0 0 0 0 0 34.2934 21.1885 
48 58 68 78 88 98 0.7 0 0 0 0 0 37.6137 18.2596 
58 48 68 78 88 98 1.4 0 0 0 0 0 36.9723 27.855 
68 58 48 78 88 98 1.2 0 0 0 0 0 36.7309 29.9985 
78 58 68 48 88 98 0.7 0 0 0 0 0 36.7704 34.0123 
88 58 68 78 48 98 0 0 0 0 0 0 36.8087 38.4322 
98 58 68 78 88 48 3 0 0 0 0 0 34.1333 20.509 
49 59 69 79 89 99 0.7 0 0 0 0 0 37.5702 19.1878 
59 49 69 79 89 99 1.3 0 0 0 0 0 36.9632 28.295 
69 59 49 79 89 99 1.1 0 0 0 0 0 36.7497 30.5906 
79 59 69 49 89 99 0.6 0 0 0 0 0 36.7872 34.6819 
89 59 69 79 49 99 0.1 0 0 0 0 0 36.8035 37.7716 
99 59 69 79 89 49 3.1 0 0 0 0 0 33.9696 19.826 
50 60 70 80 90 100 1.3 0 0 0 0 0 37.3805 22.7693 
60 50 70 80 90 100 1.5 0 0 0 0 0 36.7786 27.1287 
70 60 50 80 90 100 1.2 0 0 0 0 0 36.6625 29.9885 
80 60 70 50 90 100 0.7 0 0 0 0 0 36.7587 34.3284 
90 60 70 80 50 100 0.1 0 0 0 0 0 36.8063 38.1425 
100 60 70 80 90 50 3.1 0 0 0 0 0 34.0722 20.1591 
51 61 71 81 91 101 1.2 0 0 0 0 0 37.3433 24.0783 
61 51 71 81 91 101 1.5 0 0 0 0 0 36.7832 27.6083 
71 61 51 81 91 101 1.2 0 0 0 0 0 36.6881 30.6005 
81 61 71 51 91 101 0.6 0 0 0 0 0 36.7769 35.0008 
91 61 71 81 51 101 0.2 0 0 0 0 0 36.8005 37.4779 
101 61 71 81 91 51 3.1 0 0 0 0 0 33.9146 19.4857 
52 62 72 82 92 102 1.2 0 0 0 0 0 37.3074 25.2615 
62 52 72 82 92 102 1.4 0 0 0 0 0 36.7893 28.1019 
72 62 52 82 92 102 1.1 0 0 0 0 0 36.7125 31.2226 
82 62 72 52 92 102 0.5 0 0 0 0 0 36.7916 35.6775 
92 62 72 82 52 102 0.3 0 0 0 0 0 36.7905 36.806 
102 62 72 82 92 52 3.2 0 0 0 0 0 33.7545 18.8117 
53 63 73 83 93 103 1.2 0 0 0 0 0 37.2736 26.3195 
63 53 73 83 93 103 1.3 0 0 0 0 0 36.7969 28.6089 
73 63 53 83 93 103 1 0 0 0 0 0 36.7353 31.8548 
83 63 73 53 93 103 0.3 0 0 0 0 0 36.8027 36.3585 
93 63 73 83 53 103 0.4 0 0 0 0 0 36.7762 36.1269 
103 63 73 83 93 53 3.3 0 0 0 0 0 33.5917 18.137 
54 64 74 84 94 104 1.1 0 0 0 0 0 37.2423 27.2535 
64 54 74 84 94 104 1.3 0 0 0 0 0 36.8056 29.1322 
74 64 54 84 94 104 0.9 0 0 0 0 0 36.7565 32.4927 
84 64 74 54 94 104 0.2 0 0 0 0 0 36.81 37.0438 
94 64 74 84 54 104 0.5 0 0 0 0 0 36.7577 35.4432 
104 64 74 84 94 54 3.3 0 0 0 0 0 33.4258 17.4616 
55 65 75 85 95 105 1.5 0 0 0 0 0 37.0144 26.6518 
65 55 75 85 95 105 1.4 0 0 0 0 0 36.6735 28.3016 
75 65 55 85 95 105 1 0 0 0 0 0 36.7034 32.0469 
85 65 75 55 95 105 0.3 0 0 0 0 0 36.7992 36.7307 
95 65 75 85 55 105 0.4 0 0 0 0 0 36.7735 35.7641 
105 65 75 85 95 55 3.3 0 0 0 0 0 33.5607 17.8296 
56 66 76 86 96 106 1.5 0 0 0 0 0 36.9978 27.0337 
66 56 76 86 96 106 1.4 0 0 0 0 0 36.6926 28.8542 
76 66 56 86 96 106 0.9 0 0 0 0 0 36.7283 32.6948 
86 66 76 56 96 106 0.2 0 0 0 0 0 36.8064 37.4074 
96 66 76 86 56 106 0.6 0 0 0 0 0 36.7547 35.0847 
106 66 76 86 96 56 3.4 0 0 0 0 0 33.4038 17.1724 
57 67 77 87 97 107 1.4 0 0 0 0 0 36.9838 27.4346 
67 57 77 87 97 107 1.3 0 0 0 0 0 36.7118 29.4198 
77 67 57 87 97 107 0.8 0 0 0 0 0 36.7507 33.35 
87 67 77 57 97 107 0 0 0 0 0 0 36.8096 38.0831 
97 67 77 87 57 107 0.7 0 0 0 0 0 36.732 34.4036 
107 67 77 87 97 57 3.4 0 0 0 0 0 33.2448 16.5133 
58 68 78 88 98 108 1.4 0 0 0 0 0 36.9723 27.855 
68 58 78 88 98 108 1.2 0 0 0 0 0 36.7309 29.9985 
78 68 58 88 98 108 0.7 0 0 0 0 0 36.7704 34.0123 
88 68 78 58 98 108 0 0 0 0 0 0 36.8087 38.4322 
98 68 78 88 58 108 0.8 0 0 0 0 0 36.7054 33.7208 
108 68 78 88 98 58 3.5 0 0 0 0 0 33.0829 15.8544 
59 69 79 89 99 109 1.3 0 0 0 0 0 36.9632 28.295 
69 59 79 89 99 109 1.1 0 0 0 0 0 36.7497 30.5906 
79 69 59 89 99 109 0.6 0 0 0 0 0 36.7872 34.6819 
89 69 79 59 99 109 0.1 0 0 0 0 0 36.8035 37.7716 
99 69 79 89 59 109 0.9 0 0 0 0 0 36.6747 33.0361 
109 69 79 89 99 59 3.6 0 0 0 0 0 32.9171 15.1972 
60 70 80 90 100 110 1.5 0 0 0 0 0 36.7786 27.1287 
70 60 80 90 100 110 1.2 0 0 0 0 0 36.6625 29.9885 
80 70 60 90 100 110 0.7 0 0 0 0 0 36.7587 34.3284 
90 70 80 60 100 110 0.1 0 0 0 0 0 36.8063 38.1425 
100 70 80 90 60 110 0.8 0 0 0 0 0 36.7062 33.3522 
110 70 80 90 100 60 3.5 0 0 0 0 0 33.1054 15.6535 
61 71 81 91 101 111 1.5 0 0 0 0 0 36.7832 27.6083 
71 61 81 91 101 111 1.2 0 0 0 0 0 36.6881 30.6005 
81 71 61 91 101 111 0.6 0 0 0 0 0 36.7769 35.0008 
91 71 81 61 101 111 0.2 0 0 0 0 0 36.8005 37.4779 
101 71 81 91 61 111 0.9 0 0 0 0 0 36.6769 32.6802 
111 71 81 91 101 61 3.6 0 0 0 0 0 32.9528 15.0236 
62 72 82 92 102 112 1.4 0 0 0 0 0 36.7893 28.1019 
72 62 82 92 102 112 1.1 0 0 0 0 0 36.7125 31.2226 
82 72 62 92 102 112 0.5 0 0 0 0 0 36.7916 35.6775 
92 72 82 62 102 112 0.3 0 0 0 0 0 36.7905 36.806 
102 72 82 92 62 112 1 0 0 0 0 0 36.6441 32.0092 
112 72 82 92 102 62 3.6 0 0 0 0 0 32.7968 14.3984 
63 73 83 93 103 113 1.3 0 0 0 0 0 36.7969 28.6089 
73 63 83 93 103 113 1 0 0 0 0 0 36.7353 31.8548 
83 73 63 93 103 113 0.3 0 0 0 0 0 36.8027 36.3585 
93 73 83 63 103 113 0.4 0 0 0 0 0 36.7762 36.1269 
103 73 83 93 63 113 1.1 0 0 0 0 0 36.6081 31.3361 
113 73 83 93 103 63 3.7 0 0 0 0 0 32.6351 13.7775 
64 74 84 94 104 114 1.3 0 0 0 0 0 36.8056 29.1322 
74 64 84 94 104 114 0.9 0 0 0 0 0 36.7565 32.4927 
84 74 64 94 104 114 0.2 0 0 0 0 0 36.81 37.0438 
94 74 84 64 104 114 0.5 0 0 0 0 0 36.7577 35.4432 
104 74 84 94 64 114 1.2 0 0 0 0 0 36.5688 30.6612 
114 74 84 94 104 64 3.8 0 0 0 0 0 32.4643 13.1608 
65 75 85 95 105 115 1.4 0 0 0 0 0 36.6735 28.3016 
75 65 85 95 105 115 1 0 0 0 0 0 36.7034 32.0469 
85 75 65 95 105 115 0.3 0 0 0 0 0 36.7992 36.7307 
95 75 85 65 105 115 0.4 0 0 0 0 0 36.7735 35.7641 
105 75 85 95 65 115 1.1 0 0 0 0 0 36.6219 31.0229 
115 75 85 95 105 65 3.7 0 0 0 0 0 32.739 13.7593 
66 76 86 96 106 116 1.4 0 0 0 0 0 36.6926 28.8542 
76 66 86 96 106 116 0.9 0 0 0 0 0 36.7283 32.6948 
86 76 66 96 106 116 0.2 0 0 0 0 0 36.8064 37.4074 
96 76 86 66 106 116 0.6 0 0 0 0 0 36.7547 35.0847 
106 76 86 96 66 116 1.2 0 0 0 0 0 36.5863 30.3693 
116 76 86 96 106 66 3.7 0 0 0 0 0 32.5862 13.1796 
67 77 87 97 107 117 1.3 0 0 0 0 0 36.7118 29.4198 
77 67 87 97 107 117 0.8 0 0 0 0 0 36.7507 33.35 
87 77 67 97 107 117 0 0 0 0 0 0 36.8096 38.0831 
97 77 87 67 107 117 0.7 0 0 0 0 0 36.732 34.4036 
107 77 87 97 67 117 1.3 0 0 0 0 0 36.5482 29.7194 
117 77 87 97 107 67 3.8 0 0 0 0 0 32.4213 12.6052 
68 78 88 98 108 118 1.2 0 0 0 0 0 36.7309 29.9985 
78 68 88 98 108 118 0.7 0 0 0 0 0 36.7704 34.0123 
88 78 68 98 108 118 0 0 0 0 0 0 36.8087 38.4322 
98 78 88 68 108 118 0.8 0 0 0 0 0 36.7054 33.7208 
108 78 88 98 68 118 1.4 0 0 0 0 0 36.5078 29.0731 
118 78 88 98 108 68 3.9 0 0 0 0 0 32.2355 12.0341 
69 79 89 99 109 119 1.1 0 0 0 0 0 36.7497 30.5906 
79 69 89 99 109 119 0.6 0 0 0 0 0 36.7872 34.6819 
89 79 69 99 109 119 0.1 0 0 0 0 0 36.8035 37.7716 
99 79 89 69 109 119 0.9 0 0 0 0 0 36.6747 33.0361 
109 79 89 99 69 119 1.5 0 0 0 0 0 36.4651 28.4301 
119 79 89 99 109 69 3.9 0 0 0 0 0 32.0148 10.7259 
70 80 90 100 110 120 1.2 0 0 0 0 0 36.6625 29.9885 
80 70 90 100 110 120 0.7 0 0 0 0 0 36.7587 34.3284 
90 80 70 100 110 120 0.1 0 0 0 0 0 36.8063 38.1425 
100 80 90 70 110 120 0.8 0 0 0 0 0 36.7062 33.3522 
110 80 90 100 70 120 1.4 0 0 0 0 0 36.5486 28.8852 
120 80 90 100 110 70 3.8 0 0 0 0 0 32.4498 12.2819 
71 81 91 101 111 121 1.2 0 0 0 0 0 36.6881 30.6005 
81 71 91 101 111 121 0.6 0 0 0 0 0 36.7769 35.0008 
91 81 71 101 111 121 0.2 0 0 0 0 0 36.8005 37.4779 
101 81 91 71 111 121 0.9 0 0 0 0 0 36.6769 32.6802 
111 81 91 101 71 121 1.5 0 0 0 0 0 36.5128 28.2725 
121 81 91 101 111 71 3.9 0 0 0 0 0 32.2509 10.5431 
72 82 92 102 112 122 1.1 0 0 0 0 0 36.7125 31.2226 
82 72 92 102 112 122 0.5 0 0 0 0 0 36.7916 35.6775 
92 82 72 102 112 122 0.3 0 0 0 0 0 36.7905 36.806 
102 82 92 72 112 122 1 0 0 0 0 0 36.6441 32.0092 
112 82 92 102 72 122 1.6 0 0 0 0 0 36.4757 27.6662 
122 82 92 102 112 72 3.9 0 0 0 0 0 31.9983 7.79129 
73 83 93 103 113 123 1 0 0 0 0 0 36.7353 31.8548 
83 73 93 103 113 123 0.3 0 0 0 0 0 36.8027 36.3585 
93 83 73 103 113 123 0.4 0 0 0 0 0 36.7762 36.1269 
103 83 93 73 113 123 1.1 0 0 0 0 0 36.6081 31.3361 
113 83 93 103 73 123 1.7 0 0 0 0 0 36.4374 27.0658 
123 83 93 103 113 73 4 0 0 0 0 0 31.6589 5.03546 
74 84 94 104 114 124 0.9 0 0 0 0 0 36.7565 32.4927 
84 74 94 104 114 124 0.2 0 0 0 0 0 36.81 37.0438 
94 84 74 104 114 124 0.5 0 0 0 0 0 36.7577 35.4432 
104 84 94 74 114 124 1.2 0 0 0 0 0 36.5688 30.6612 
114 84 94 104 74 124 1.8 0 0 0 0 0 36.398 26.4658 
124 84 94 104 114 74 4 0 0 0 0 0 31.1846 2.27764 
75 85 95 105 115 125 1 0 0 0 0 0 36.7034 32.0469 
85 75 95 105 115 125 0.3 0 0 0 0 0 36.7992 36.7307 
95 85 75 105 115 125 0.4 0 0 0 0 0 36.7735 35.7641 
105 85 95 75 115 125 1.1 0 0 0 0 0 36.6219 31.0229 
115 85 95 105 75 125 1.6 0 0 0 0 0 36.5233 27.0737 
125 85 95 105 115 75 3.9 0 0 0 0 0 32.0103 5.02473 
76 86 96 106 116 126 0.9 0 0 0 0 0 36.7283 32.6948 
86 76 96 106 116 126 0.2 0 0 0 0 0 36.8064 37.4074 
96 86 76 106 116 126 0.6 0 0 0 0 0 36.7547 35.0847 
106 86 96 76 116 126 1.2 0 0 0 0 0 36.5863 30.3693 
116 86 96 106 76 126 1.7 0 0 0 0 0 36.4945 26.5137 
126 86 96 106 116 76 3.9 0 0 0 0 0 31.5663 2.36325 
77 87 97 107 117 127 0.8 0 0 0 0 0 36.7507 33.35 
87 77 97 107 117 127 0 0 0 0 0 0 36.8096 38.0831 
97 87 77 107 117 127 0.7 0 0 0 0 0 36.732 34.4036 
107 87 97 77 117 127 1.3 0 0 0 0 0 36.5482 29.7194 
117 87 97 107 77 127 1.8 0 0 0 0 0 36.4657 25.9625 
127 87 97 107 117 77 4 0 0 0 0 0 30.9388 -0.286611 
78 88 98 108 118 128 0.7 0 0 0 0 0 36.7704 34.0123 
88 78 98 108 118 128 0 0 0 0 0 0 36.8087 38.4322 
98 88 78 108 118 128 0.8 0 0 0 0 0 36.7054 33.7208 
108 88 98 78 118 128 1.4 0 0 0 0 0 36.5078 29.0731 
118 88 98 108 78 128 1.9 0 0 0 0 0 36.4369 25.4195 
128 88 98 108 118 78 4 0 0 0 0 0 30.0651 -2.93096 
79 89 99 109 119 129 0.6 0 0 0 0 0 36.7872 34.6819 
89 79 99 109 119 129 0.1 0 0 0 0 0 36.8035 37.7716 
99 89 79 109 119 129 0.9 0 0 0 0 0 36.6747 33.0361 
109 89 99 79 119 129 1.5 0 0 0 0 0 36.4651 28.4301 
119 89 99 109 79 129 1.9 0 0 0 0 0 36.4081 24.8844 
129 89 99 109 119 79 4 0 0 0 0 0 28.8906 -5.5669 
80 90 100 110 120 130 0.7 0 0 0 0 0 36.7587 34.3284 
90 80 100 110 120 130 0.1 0 0 0 0 0 36.8063 38.1425 
100 90 80 110 120 130 0.8 0 0 0 0 0 36.7062 33.3522 
110 90 100 80 120 130 1.4 0 0 0 0 0 36.5486 28.8852 
120 90 100 110 80 130 1.8 0 0 0 0 0 36.5883 25.709 
130 90 100 110 120 80 3.9 0 0 0 0 0 30.6797 -2.31634 
81 91 101 111 121 131 0.6 0 0 0 0 0 36.7769 35.0008 
91 81 101 111 121 131 0.2 0 0 0 0 0 36.8005 37.4779 
101 91 81 111 121 131 0.9 0 0 0 0 0 36.6769 32.6802 
111 91 101 81 121 131 1.5 0 0 0 0 0 36.5128 28.2725 
121 91 101 111 81 131 1.9 0 0 0 0 0 36.5742 25.2246 
131 91 101 111 121 81 3.9 0 0 0 0 0 29.6136 -4.81053 
82 92 102 112 122 132 0.5 0 0 0 0 0 36.7916 35.6775 
92 82 102 112 122 132 0.3 0 0 0 0 0 36.7905 36.806 
102 92 82 112 122 132 1 0 0 0 0 0 36.6441 32.0092 
112 92 102 82 122 132 1.6 0 0 0 0 0 36.4757 27.6662 
122 92 102 112 82 132 1.9 0 0 0 0 0 36.561 24.7509 
132 92 102 112 122 82 54.6 0 0 0 0 0 28.2615 -5.72307 
83 93 103 113 123 133 0.3 0 0 0 0 0 36.8027 36.3585 
93 83 103 113 123 133 0.4 0 0 0 0 0 36.7762 36.1269 
103 93 83 113 123 133 1.1 0 0 0 0 0 36.6081 31.3361 
113 93 103 83 123 133 1.7 0 0 0 0 0 36.4374 27.0658 
123 93 103 113 83 133 2 0 0 0 0 0 36.5484 24.2875 
133 93 103 113 123 83 54.6 0 0 0 0 0 26.6314 -5.79218 
84 94 104 114 124 134 0.2 0 0 0 0 0 36.81 37.0438 
94 84 104 114 124 134 0.5 0 0 0 0 0 36.7577 35.4432 
104 94 84 114 124 134 1.2 0 0 0 0 0 36.5688 30.6612 
114 94 104 84 124 134 1.8 0 0 0 0 0 36.398 26.4658 
124 94 104 114 84 134 2 0 0 0 0 0 36.5356 23.8337 
134 94 104 114 124 84 54.6 0 0 0 0 0 24.7562 -5.85976 
85 95 105 115 125 135 0.3 0 0 0 0 0 36.7992 36.7307 
95 85 105 115 125 135 0.4 0 0 0 0 0 36.7735 35.7641 
105 95 85 115 125 135 1.1 0 0 0 0 0 36.6219 31.0229 
115 95 105 85 125 135 1.6 0 0 0 0 0 36.5233 27.0737 
125 95 105 115 85 135 1.8 0 0 0 0 0 36.7839 24.96 
135 95 105 115 125 85 54.6 0 0 0 0 0 28.0167 -5.01054 
86 96 106 116 126 136 0.2 0 0 0 0 0 36.8064 37.4074 
96 86 106 116 126 136 0.6 0 0 0 0 0 36.7547 35.0847 
106 96 86 116 126 136 1.2 0 0 0 0 0 36.5863 30.3693 
116 96 106 86 126 136 1.7 0 0 0 0 0 36.4945 26.5137 
126 96 106 116 86 136 1.9 0 0 0 0 0 36.7896 24.5686 
136 96 106 116 126 86 54.7 0 0 0 0 0 26.3908 -5.04052 
87 97 107 117 127 137 0 0 0 0 0 0 36.8096 38.0831 
97 87 107 117 127 137 0.7 0 0 0 0 0 36.732 34.4036 
107 97 87 117 127 137 1.3 0 0 0 0 0 36.5482 29.7194 
117 97 107 87 127 137 1.8 0 0 0 0 0 36.4657 25.9625 
127 97 107 117 87 137 1.9 0 0 0 0 0 36.7952 24.1898 
137 97 107 117 127 87 54.7 0 0 0 0 0 24.5881 -5.06735 
88 98 108 118 128 138 0 0 0 0 0 0 36.8087 38.4322 
98 88 108 118 128 138 0.8 0 0 0 0 0 36.7054 33.7208 
108 98 88 118 128 138 1.4 0 0 0 0 0 36.5078 29.0731 
118 98 108 88 128 138 1.9 0 0 0 0 0 36.4369 25.4195 
128 98 108 118 88 138 2 0 0 0 0 0 36.7984 23.5403 
138 98 108 118 128 88 54.7 0 0 0 0 0 22.6461 -6.73883 
89 99 109 119 129 139 0.1 0 0 0 0 0 36.8035 37.7716 
99 89 109 119 129 139 0.9 0 0 0 0 0 36.6747 33.0361 
109 99 89 119 129 139 1.5 0 0 0 0 0 36.4651 28.4301 
119 99 109 89 129 139 1.9 0 0 0 0 0 36.4081 24.8844 
129 99 109 119 89 139 2 0 0 0 0 0 36.7952 21.0132 
139 99 109 119 129 89 54.8 0 0 0 0 0 20.5945 -9.33422 
90 100 110 120 130 140 0.1 0 0 0 0 0 36.8063 38.1425 
100 90 110 120 130 140 0.8 0 0 0 0 0 36.7062 33.3522 
110 100 90 120 130 140 1.4 0 0 0 0 0 36.5486 28.8852 
120 100 110 90 130 140 1.8 0 0 0 0 0 36.5883 25.709 
130 100 110 120 90 140 1.7 0 0 0 0 0 37.1232 22.2303 
140 100 110 120 130 90 54.8 0 0 0 0 0 25.4553 -5.05942 
91 101 111 121 131 141 0.2 0 0 0 0 0 36.8005 37.4779 
101 91 111 121 131 141 0.9 0 0 0 0 0 36.6769 32.6802 
111 101 91 121 131 141 1.5 0 0 0 0 0 36.5128 28.2725 
121 101 111 91 131 141 1.9 0 0 0 0 0 36.5742 25.2246 
131 101 111 121 91 141 1.7 0 0 0 0 0 37.1397 20.1115 
141 101 111 121 131 91 54.8 0 0 0 0 0 23.7374 -7.14828 
92 102 112 122 132 142 0.3 0 0 0 0 0 36.7905 36.806 
102 92 112 122 132 142 1 0 0 0 0 0 36.6441 32.0092 
112 102 92 122 132 142 1.6 0 0 0 0 0 36.4757 27.6662 
122 102 112 92 132 142 1.9 0 0 0 0 0 36.561 24.7509 
132 102 112 122 92 142 1.8 0 0 0 0 0 37.1442 17.8533 
142 102 112 122 132 92 54.8 0 0 0 0 0 21.9362 -9.36711 
93 103 113 123 133 143 0.4 0 0 0 0 0 36.7762 36.1269 
103 93 113 123 133 143 1.1 0 0 0 0 0 36.6081 31.3361 
113 103 93 123 133 143 1.7 0 0 0 0 0 36.4374 27.0658 
123 103 113 93 133 143 2 0 0 0 0 0 36.5484 24.2875 
133 103 113 123 93 143 1.8 0 0 0 0 0 37.1246 15.4567 
143 103 113 123 133 93 54.9 0 0 0 0 0 20.0626 -11.7173 
94 104 114 124 134 144 0.5 0 0 0 0 0 36.7577 35.4432 
104 94 114 124 134 144 1.2 0 0 0 0 0 36.5688 30.6612 
114 104 94 124 134 144 1.8 0 0 0 0 0 36.398 26.4658 
124 104 114 94 134 144 2 0 0 0 0 0 36.5356 23.8337 
134 104 114 124 94 144 1.8 0 0 0 0 0 37.0591 12.9225 
144 104 114 124 134 94 54.9 0 0 0 0 0 18.1181 -14.2004 
95 105 115 125 135 145 0.4 0 0 0 0 0 36.7735 35.7641 
105 95 115 125 135 145 1.1 0 0 0 0 0 36.6219 31.0229 
115 105 95 125 135 145 1.6 0 0 0 0 0 36.5233 27.0737 
125 105 115 95 135 145 1.8 0 0 0 0 0 36.7839 24.96 
135 105 115 125 95 145 1.3 0 0 0 0 0 37.4901 14.3275 
145 105 115 125 135 95 54.9 0 0 0 0 0 24.7743 -8.70394 
96 106 116 126 136 146 0.6 0 0 0 0 0 36.7547 35.0847 
106 96 116 126 136 146 1.2 0 0 0 0 0 36.5863 30.3693 
116 106 96 126 136 146 1.7 0 0 0 0 0 36.4945 26.5137 
126 106 116 96 136 146 1.9 0 0 0 0 0 36.7896 24.5686 
136 106 116 126 96 146 1.3 0 0 0 0 0 37.4424 12.2605 
146 106 116 126 136 96 54.9 0 0 0 0 0 23.224 -10.5912 
97 107 117 127 137 147 0.7 0 0 0 0 0 36.732 34.4036 
107 97 117 127 137 147 1.3 0 0 0 0 0 36.5482 29.7194 
117 107 97 127 137 147 1.8 0 0 0 0 0 36.4657 25.9625 
127 107 117 97 137 147 1.9 0 0 0 0 0 36.7952 24.1898 
137 107 117 127 97 147 1.4 0 0 0 0 0 37.3249 10.0681 
147 107 117 127 137 97 55 0 0 0 0 0 21.599 -12.5963 
98 108 118 128 138 148 0.8 0 0 0 0 0 36.7054 33.7208 
108 98 118 128 138 148 1.4 0 0 0 0 0 36.5078 29.0731 
118 108 98 128 138 148 1.9 0 0 0 0 0 36.4369 25.4195 
128 108 118 98 138 148 2 0 0 0 0 0 36.7984 23.5403 
138 108 118 128 98 148 1.4 0 0 0 0 0 37.0906 7.75077 
148 108 118 128 138 98 55 0 0 0 0 0 19.8905 -14.7224 
99 109 119 129 139 149 0.9 0 0 0 0 0 36.6747 33.0361 
109 99 119 129 139 149 1.5 0 0 0 0 0 36.4651 28.4301 
119 109 99 129 139 149 1.9 0 0 0 0 0 36.4081 24.8844 
129 109 119 99 139 149 2 0 0 0 0 0 36.7952 21.0132 
139 109 119 129 99 149 1.4 0 0 0 0 0 36.668 5.3088 
149 109 119 129 139 99 55.1 0 0 0 0 0 18.083 -16.9724 
100 110 120 130 140 150 0.8 0 0 0 0 0 36.7062 33.3522 
110 100 120 130 140 150 1.4 0 0 0 0 0 36.5486 28.8852 
120 110 100 130 140 150 1.8 0 0 0 0 0 36.5883 25.709 
130 110 120 100 140 150 1.7 0 0 0 0 0 37.1232 22.2303 
140 110 120 130 100 150 0.6 0 0 0 0 0 37.3228 7.00408 
150 110 120 130 140 100 23.3 0 0 0 0 0 26.7851 -9.44133 
101 111 121 131 141 151 0.9 0 0 0 0 0 36.6769 32.6802 
111 101 121 131 141 151 1.5 0 0 0 0 0 36.5128 28.2725 
121 111 101 131 141 151 1.9 0 0 0 0 0 36.5742 25.2246 
131 111 121 101 141 151 1.7 0 0 0 0 0 37.1397 20.1115 
141 111 121 131 101 151 0.6 0 0 0 0 0 36.9711 5.11227 
151 111 121 131 141 101 146.3 0 0 0 0 0 25.4836 -10.9584 
102 112 122 132 142 152 1 0 0 0 0 0 36.6441 32.0092 
112 102 122 132 142 152 1.6 0 0 0 0 0 36.4757 27.6662 
122 112 102 132 142 152 1.9 0 0 0 0 0 36.561 24.7509 
132 112 122 102 142 152 1.8 0 0 0 0 0 37.1442 17.8533 
142 112 122 132 102 152 0.5 0 0 0 0 0 36.4232 3.11179 
152 112 122 132 142 102 142.6 0 0 0 0 0 24.077 -12.5813 
103 113 123 133 143 153 1.1 0 0 0 0 0 36.6081 31.3361 
113 103 123 133 143 153 1.7 0 0 0 0 0 36.4374 27.0658 
123 113 103 133 143 153 2 0 0 0 0 0 36.5484 24.2875 
133 113 123 103 143 153 1.8 0 0 0 0 0 37.1246 15.4567 
143 113 123 133 103 153 0.5 0 0 0 0 0 35.6141 1.00217 
153 113 123 133 143 103 140.5 0 0 0 0 0 22.5523 -14.3156 
104 114 124 134 144 154 1.2 0 0 0 0 0 36.5688 30.6612 
114 104 124 134 144 154 1.8 0 0 0 0 0 36.398 26.4658 
124 114 104 134 144 154 2 0 0 0 0 0 36.5356 23.8337 
134 114 124 104 144 154 1.8 0 0 0 0 0 37.0591 12.9225 
144 114 124 134 104 154 129 0 0 0 0 0 34.4843 -1.21727 
154 114 124 134 144 104 139 0 0 0 0 0 20.8955 -16.167 
105 115 125 135 145 155 1.1 0 0 0 0 0 36.6219 31.0229 
115 105 125 135 145 155 1.6 0 0 0 0 0 36.5233 27.0737 
125 115 105 135 145 155 1.8 0 0 0 0 0 36.7839 24.96 
135 115 125 105 145 155 1.3 0 0 0 0 0 37.4901 14.3275 
145 115 125 135 105 155 1 0 0 0 0 0 35.5625 0.756743 
155 115 125 135 145 105 10.5 0 0 0 0 0 32.2535 -4.9834 
106 116 126 136 146 156 1.2 0 0 0 0 0 36.5863 30.3693 
116 106 126 136 146 156 1.7 0 0 0 0 0 36.4945 26.5137 
126 116 106 136 146 156 1.9 0 0 0 0 0 36.7896 24.5686 
136 116 126 106 146 156 1.3 0 0 0 0 0 37.4424 12.2605 
146 116 126 136 106 156 26.5 0 0 0 0 0 34.7995 -0.776752 
156 116 126 136 146 106 12.5 0 0 0 0 0 31.4874 -5.77449 
107 117 127 137 147 157 1.3 0 0 0 0 0 36.5482 29.7194 
117 107 127 137 147 157 1.8 0 0 0 0 0 36.4657 25.9625 
127 117 107 137 147 157 1.9 0 0 0 0 0 36.7952 24.1898 
137 117 127 107 147 157 1.4 0 0 0 0 0 37.3249 10.0681 
147 117 127 137 107 157 144.1 0 0 0 0 0 33.8348 -2.39839 
157 117 127 137 147 107 15.7 0 0 0 0 0 30.6179 -6.67176 
108 118 128 138 148 158 1.4 0 0 0 0 0 36.5078 29.0731 
118 108 128 138 148 158 1.9 0 0 0 0 0 36.4369 25.4195 
128 118 108 138 148 158 2 0 0 0 0 0 36.7984 23.5403 
138 118 128 108 148 158 1.4 0 0 0 0 0 37.0906 7.75077 
148 118 128 138 108 158 139.4 0 0 0 0 0 32.6525 -4.11028 
158 118 128 138 148 108 153.1 0 0 0 0 0 29.6331 -7.68512 
109 119 129 139 149 159 1.5 0 0 0 0 0 36.4651 28.4301 
119 109 129 139 149 159 1.9 0 0 0 0 0 36.4081 24.8844 
129 119 109 139 149 159 2 0 0 0 0 0 36.7952 21.0132 
139 119 129 109 149 159 1.4 0 0 0 0 0 36.668 5.3088 
149 119 129 139 109 159 137.2 0 0 0 0 0 31.2476 -5.91504 
159 119 129 139 149 109 148.9 0 0 0 0 0 28.5205 -8.82502 
110 120 130 140 150 160 1.6 0 0 0 0 0 36.4202 27.7903 
120 110 130 140 150 160 2 0 0 0 0 0 36.3789 24.3566 
130 120 110 140 150 160 2 0 0 0 0 0 36.7774 18.3391 
140 120 130 110 150 160 1.3 0 0 0 0 0 35.9601 2.74244 
150 120 130 140 110 160 135.7 0 0 0 0 0 29.6255 -7.81576 
160 120 130 140 150 110 146.6 0 0 0 0 0 27.2671 -10.1023 
111 121 131 141 151 161 1.7 0 0 0 0 0 36.3732 27.1534 
121 111 131 141 151 161 2.1 0 0 0 0 0 36.3491 23.8356 
131 121 111 141 151 161 2.1 0 0 0 0 0 36.73 15.5193 
141 121 131 111 151 161 1.3 0 0 0 0 0 34.8573 0.0516906 
151 121 131 141 111 161 134.5 0 0 0 0 0 27.7991 -9.8164 
161 121 131 141 151 111 145 0 0 0 0 0 25.86 -11.5283 
112 122 132 142 152 162 1.8 0 0 0 0 0 36.324 26.5158 
122 112 132 142 152 162 2.2 0 0 0 0 0 36.3176 23.3207 
132 122 112 142 152 162 2.1 0 0 0 0 0 36.6233 12.5554 
142 122 132 112 152 162 120.1 0 0 0 0 0 33.2735 -2.76357 
152 122 132 142 112 162 133.5 0 0 0 0 0 25.7847 -11.9212 
162 122 132 142 152 112 143.7 0 0 0 0 0 24.2861 -13.1147 
113 123 133 143 153 163 1.9 0 0 0 0 0 36.2726 25.8781 
123 113 133 143 153 163 2.2 0 0 0 0 0 36.2824 22.8101 
133 123 113 143 153 163 2.2 0 0 0 0 0 36.4016 9.44904 
143 123 133 113 153 163 119.6 0 0 0 0 0 31.1843 -5.70398 
153 123 133 143 113 163 132.8 0 0 0 0 0 23.5978 -14.1357 
163 123 133 143 153 113 142.6 0 0 0 0 0 22.5324 -14.8737 
114 124 134 144 154 164 2 0 0 0 0 0 36.2188 25.2424 
124 114 134 144 154 164 2.3 0 0 0 0 0 36.2397 22.3004 
134 124 114 144 154 164 2.2 0 0 0 0 0 35.9638 6.20124 
144 124 134 114 154 164 119.2 0 0 0 0 0 28.6358 -8.7706 
154 124 134 144 114 164 132.1 0 0 0 0 0 21.2506 -16.4658 
164 124 134 144 154 114 141.8 0 0 0 0 0 20.5858 -16.8182 
115 125 135 145 155 165 2 0 0 0 0 0 36.1624 24.6082 
125 115 135 145 155 165 2.4 0 0 0 0 0 36.1813 19.6463 
135 125 115 145 155 165 2.2 0 0 0 0 0 35.148 2.8131 
145 125 135 115 155 165 118.9 0 0 0 0 0 25.7127 -11.9647 
155 125 135 145 115 165 131.5 0 0 0 0 0 18.7511 -18.9183 
165 125 135 145 155 115 141 0 0 0 0 0 18.4329 -18.9614 
116 126 136 146 156 166 2.1 0 0 0 0 0 36.1027 23.9749 
126 116 136 146 156 166 2.4 0 0 0 0 0 36.0902 16.2535 
136 126 116 146 156 166 2.3 0 0 0 0 0 33.7504 -0.714436 
146 126 136 116 156 166 118.6 0 0 0 0 0 22.4997 -15.2885 
156 126 136 146 116 166 131.1 0 0 0 0 0 16.1024 -21.5013 
166 126 136 146 156 116 140.4 0 0 0 0 0 16.0602 -21.3178 
117 127 137 147 157 167 2.2 0 0 0 0 0 36.0383 23.3422 
127 117 137 147 157 167 2.5 0 0 0 0 0 35.9304 12.7118 
137 127 117 147 157 167 107 0 0 0 0 0 31.6151 -4.38124 
147 127 137 117 157 167 118.3 0 0 0 0 0 19.0596 -18.7449 
157 127 137 147 117 167 130.6 0 0 0 0 0 13.3039 -24.2235 
167 127 137 147 157 117 139.9 0 0 0 0 0 13.4531 -23.9023 
118 128 138 148 158 168 2.3 0 0 0 0 0 35.9665 22.7093 
128 118 138 148 158 168 2.6 0 0 0 0 0 35.6272 9.02319 
138 128 118 148 158 168 106.9 0 0 0 0 0 28.7399 -8.18737 
148 128 138 118 158 168 118.1 0 0 0 0 0 15.4313 -22.337 
158 128 138 148 118 168 130.3 0 0 0 0 0 10.3509 -27.0948 
168 128 138 148 158 118 139.4 0 0 0 0 0 10.5961 -26.7309 
119 129 139 149 159 169 2.4 0 0 0 0 0 35.8818 21.9738 
129 119 139 149 159 169 2.6 0 0 0 0 0 35.0353 5.18916 
139 129 119 149 159 169 106.7 0 0 0 0 0 25.2667 -12.133 
149 129 139 119 159 169 117.9 0 0 0 0 0 11.6353 -26.0693 
159 129 139 149 119 169 129.9 0 0 0 0 0 7.23592 -30.1264 
169 129 139 149 159 119 139 0 0 0 0 0 7.47259 -29.8213 
120 130 140 150 160 170 2.5 0 0 0 0 0 35.7715 18.34 
130 120 140 150 160 170 2.7 0 0 0 0 0 33.9151 1.2108 
140 130 120 150 160 170 106.6 0 0 0 0 0 21.3712 -16.2193 
150 130 140 120 160 170 117.8 0 0 0 0 0 7.67978 -29.9472 
160 130 140 150 120 170 129.6 0 0 0 0 0 3.9487 -33.3306 
170 130 140 150 160 120 138.7 0 0 0 0 0 4.06388 -33.1928 
121 131 141 151 161 171 2.6 0 0 0 0 0 35.6085 14.5585 
131 121 141 151 161 171 95.8 0 0 0 0 0 31.989 -2.9107 
141 131 121 151 161 171 106.5 0 0 0 0 0 17.1844 -20.4478 
151 131 141 121 161 171 117.7 0 0 0 0 0 3.56565 -33.9767 
161 131 141 151 121 171 129.4 0 0 0 0 0 0.476474 -36.7216 
171 131 141 151 161 121 138.4 0 0 0 0 0 0.349223 -36.8665 
122 132 142 152 162 172 2.6 0 0 0 0 0 35.3326 10.6317 
132 122 142 152 162 172 95.7 0 0 0 0 0 29.1217 -7.17572 
142 132 122 152 162 172 106.5 0 0 0 0 0 12.7808 -24.8207 
152 132 142 122 162 172 117.6 0 0 0 0 0 -0.711022 -38.1659 
162 132 142 152 122 172 129.2 0 0 0 0 0 -3.19598 -40.3149 
172 132 142 152 162 122 138.1 0 0 0 0 0 -3.69494 -40.8664 
123 133 143 153 163 173 2.7 0 0 0 0 0 34.8176 6.56088 
133 123 143 153 163 173 95.7 0 0 0 0 0 25.4353 -11.5831 
143 133 123 153 163 173 106.4 0 0 0 0 0 8.19652 -29.3417 
153 133 143 123 163 173 117.5 0 0 0 0 0 -5.1573 -42.5236 
163 133 143 153 123 173 129 0 0 0 0 0 -7.08654 -44.1289 
173 133 143 153 163 123 137.9 0 0 0 0 0 -8.09576 -45.2205 
124 134 144 154 164 174 2.8 0 0 0 0 0 33.8302 2.34749 
134 124 144 154 164 174 95.6 0 0 0 0 0 21.1804 -16.1344 
144 134 124 154 164 174 106.4 0 0 0 0 0 3.44588 -34.0143 
154 134 144 124 164 174 117.4 0 0 0 0 0 -9.78279 -47.0601 
164 134 144 154 124 174 128.8 0 0 0 0 0 -11.2162 -48.1846 
174 134 144 154 164 124 137.7 0 0 0 0 0 -12.885 -49.9603 
125 135 145 155 165 175 2.9 0 0 0 0 0 32.0498 -2.00786 
135 125 145 155 165 175 95.6 0 0 0 0 0 16.5634 -20.8302 
145 135 125 155 165 175 106.4 0 0 0 0 0 -1.46787 -38.8435 
155 135 145 125 165 175 117.4 0 0 0 0 0 -14.5994 -51.7881 
165 135 145 155 125 175 128.6 0 0 0 0 0 -15.61 -52.5064 
175 135 145 155 165 125 137.6 0 0 0 0 0 -18.1005 -55.1244 
126 136 146 156 166 176 85.1 0 0 0 0 0 29.2513 -6.50468 
136 126 146 156 166 176 95.7 0 0 0 0 0 11.7018 -25.6726 
146 136 126 156 166 176 106.4 0 0 0 0 0 -6.54722 -43.8356 
156 136 146 126 166 176 117.4 0 0 0 0 0 -19.6216 -56.7222 
166 136 146 156 126 176 128.5 0 0 0 0 0 -20.2981 -57.1249 
176 136 146 156 166 126 137.5 0 0 0 0 0 -23.7885 -60.7587 
127 137 147 157 167 177 85.1 0 0 0 0 0 25.5085 -11.1426 
137 127 147 157 167 177 95.7 0 0 0 0 0 6.64991 -30.664 
147 137 127 157 167 177 106.4 0 0 0 0 0 -11.798 -48.9978 
157 137 147 127 167 177 117.4 0 0 0 0 0 -24.8666 -61.88 
167 137 147 157 127 177 128.4 0 0 0 0 0 -25.3179 -62.0768 
177 137 147 157 167 127 137.4 0 0 0 0 0 -30.0065 -66.9215 
128 138 148 158 168 178 85.2 0 0 0 0 0 21.1015 -15.9222 
138 128 148 158 168 178 95.7 0 0 0 0 0 1.42903 -35.8071 
148 138 128 158 168 178 106.5 0 0 0 0 0 -17.2283 -54.3393 
158 138 148 128 168 178 117.4 0 0 0 0 0 -30.3552 -67.2826 
168 138 148 158 128 178 128.3 0 0 0 0 0 -30.7179 -67.4102 
178 138 148 158 168 128 137.3 0 0 0 0 0 -36.8287 -73.687 
129 139 149 159 169 179 85.2 0 0 0 0 0 16.2858 -20.8445 
139 129 149 159 169 179 95.8 0 0 0 0 0 -3.95487 -41.107 
149 139 129 159 169 179 106.5 0 0 0 0 0 -22.8483 -59.8706 
159 139 149 129 169 179 117.4 0 0 0 0 0 -36.1125 -72.9551 
169 139 149 159 129 179 128.3 0 0 0 0 0 -36.5632 -73.1903 
179 139 149 159 169 129 137.2 0 0 0 0 0 -44.3545 -81.1546 
