30 46 62 78 94 110 0.9 0 0 0 0 0 -9.48149 -0.0553914 
46 30 62 78 94 110 2.7 0 0 0 0 0 -10.6118 40.6476 
62 46 30 78 94 110 2.5 0 0 0 0 0 -11.1051 50.1189 
78 46 62 30 94 110 0.2 0 0 0 0 0 -10.5237 57.2569 
94 46 62 78 30 110 3 0 0 0 0 0 -11.9719 41.1059 
110 46 62 78 94 30 8.7 0 0 0 0 0 -31.6284 -4.99463 
31 47 63 79 95 111 0.4 0 0 0 0 0 -9.45416 -0.0118256 
47 31 63 79 95 111 2.7 0 0 0 0 0 -10.6785 41.7613 
63 47 31 79 95 111 2.3 0 0 0 0 0 -11.053 50.9333 
79 47 63 31 95 111 0 0 0 0 0 0 -10.5329 56.3982 
95 47 63 79 31 111 3.1 0 0 0 0 0 -12.1521 39.992 
111 47 63 79 95 31 8.8 0 0 0 0 0 -32.0509 -5.99918 
32 48 64 80 96 112 0 0 0 0 0 0 -9.46117 0 
48 32 64 80 96 112 3.7 0 0 0 0 0 -11.4963 40.7644 
64 48 32 80 96 112 2.6 0 0 0 0 0 -11.2747 49.8401 
80 48 64 32 96 112 0 0 0 0 0 0 -10.5345 57.6019 
96 48 64 80 32 112 3.1 0 0 0 0 0 -12.0868 40.4505 
112 48 64 80 96 32 8.9 0 0 0 0 0 -32.4731 -7.00257 
33 49 65 81 97 113 0.4 0 0 0 0 0 -9.49646 -0.0141 
49 33 65 81 97 113 3.7 0 0 0 0 0 -11.5343 41.1067 
65 49 33 81 97 113 2.5 0 0 0 0 0 -11.2046 50.7056 
81 49 65 33 97 113 0.1 0 0 0 0 0 -10.5458 56.6913 
97 49 65 81 33 113 3.3 0 0 0 0 0 -12.2699 39.3307 
113 49 65 81 97 33 9 0 0 0 0 0 -32.8952 -8.00015 
34 50 66 82 98 114 0.8 0 0 0 0 0 -9.5544 -0.0484994 
50 34 66 82 98 114 3.6 0 0 0 0 0 -11.5611 41.4912 
66 50 34 82 98 114 2.3 0 0 0 0 0 -11.1346 51.595 
82 50 66 34 98 114 0.3 0 0 0 0 0 -10.5662 55.7574 
98 50 66 82 34 114 3.4 0 0 0 0 0 -12.4628 38.2001 
114 50 66 82 98 34 9.1 0 0 0 0 0 -33.3175 -8.99226 
35 51 67 83 99 115 1.1 0 0 0 0 0 -9.62988 -0.0981141 
51 35 67 83 99 115 3.6 0 0 0 0 0 -11.5768 41.9185 
67 51 35 83 99 115 2.2 0 0 0 0 0 -11.0653 52.5084 
83 51 67 35 99 115 0.5 0 0 0 0 0 -10.5962 54.8 
99 51 67 83 35 115 3.6 0 0 0 0 0 -12.6653 37.0625 
115 51 67 83 99 35 9.2 0 0 0 0 0 -33.7403 -9.98276 
36 52 68 84 100 116 1.3 0 0 0 0 0 -9.71822 -0.158239 
52 36 68 84 100 116 4.2 0 0 0 0 0 -12.3469 39.3616 
68 52 36 84 100 116 2.4 0 0 0 0 0 -11.2241 51.6873 
84 52 68 36 100 116 0.4 0 0 0 0 0 -10.5855 55.6991 
100 52 68 84 36 116 3.6 0 0 0 0 0 -12.5806 37.481 
116 52 68 84 100 36 9.3 0 0 0 0 0 -34.1641 -10.9708 
37 53 69 85 101 117 1.6 0 0 0 0 0 -9.81524 -0.225115 
53 37 69 85 101 117 4.1 0 0 0 0 0 -12.3257 39.8827 
69 53 37 85 101 117 2.3 0 0 0 0 0 -11.1424 52.6383 
85 53 69 37 101 117 0.6 0 0 0 0 0 -10.6199 54.7042 
101 53 69 85 37 117 3.7 0 0 0 0 0 -12.7828 36.3522 
117 53 69 85 101 37 9.3 0 0 0 0 0 -34.5894 -11.9548 
38 54 70 86 102 118 1.8 0 0 0 0 0 -9.91723 -0.294792 
54 38 70 86 102 118 4 0 0 0 0 0 -12.2946 40.4404 
70 54 38 86 102 118 2.1 0 0 0 0 0 -11.0634 53.6084 
86 54 70 38 102 118 0.7 0 0 0 0 0 -10.6643 53.691 
102 54 70 86 38 118 3.9 0 0 0 0 0 -12.9934 35.2211 
118 54 70 86 102 38 9.4 0 0 0 0 0 -35.017 -12.9364 
39 55 71 87 103 119 1.9 0 0 0 0 0 -10.0209 -0.364238 
55 39 71 87 103 119 4 0 0 0 0 0 -12.2541 41.0351 
71 55 39 87 103 119 2 0 0 0 0 0 -10.9877 54.5977 
87 55 71 39 103 119 0.9 0 0 0 0 0 -10.7192 52.6594 
103 55 71 87 39 119 4.1 0 0 0 0 0 -13.2123 34.0856 
119 55 71 87 103 39 9.5 0 0 0 0 0 -35.4476 -13.9196 
40 56 72 88 104 120 4.2 0 0 0 0 0 -11.3791 23.1031 
56 40 72 88 104 120 4.4 0 0 0 0 0 -12.8821 39.1268 
72 56 40 88 104 120 2.1 0 0 0 0 0 -11.0948 53.9724 
88 56 72 40 104 120 0.9 0 0 0 0 0 -10.699 53.3394 
104 56 72 88 40 120 4 0 0 0 0 0 -13.0963 34.5168 
120 56 72 88 104 40 9.4 0 0 0 0 0 -34.7775 -12.8947 
41 57 73 89 105 121 4.2 0 0 0 0 0 -11.527 24.1022 
57 41 73 89 105 121 4.3 0 0 0 0 0 -12.8075 39.7976 
73 57 41 89 105 121 2 0 0 0 0 0 -11.0122 54.9864 
89 57 73 41 105 121 1 0 0 0 0 0 -10.7593 52.2838 
105 57 73 89 41 121 4.2 0 0 0 0 0 -13.3104 33.3992 
121 57 73 89 105 41 9.5 0 0 0 0 0 -35.1721 -13.8232 
42 58 74 90 106 122 4.2 0 0 0 0 0 -11.6605 25.0225 
58 42 74 90 106 122 4.2 0 0 0 0 0 -12.7256 40.4995 
74 58 42 90 106 122 1.8 0 0 0 0 0 -10.9346 56.0148 
90 58 74 42 106 122 1.2 0 0 0 0 0 -10.83 51.2147 
106 58 74 90 42 122 4.3 0 0 0 0 0 -13.531 32.2836 
122 58 74 90 106 42 9.6 0 0 0 0 0 -35.5673 -14.7444 
43 59 75 91 107 123 4.3 0 0 0 0 0 -11.7787 25.864 
59 43 75 91 107 123 4.1 0 0 0 0 0 -12.6366 41.233 
75 59 43 91 107 123 1.6 0 0 0 0 0 -10.8625 57.0577 
91 59 75 43 107 123 1.4 0 0 0 0 0 -10.9114 50.1268 
107 59 75 91 43 123 4.5 0 0 0 0 0 -13.7581 31.1702 
123 59 75 91 107 43 9.7 0 0 0 0 0 -35.9642 -15.6607 
44 60 76 92 108 124 5.2 0 0 0 0 0 -13.5535 28.6661 
60 44 76 92 108 124 4.4 0 0 0 0 0 -13.121 39.8037 
76 60 44 92 108 124 1.7 0 0 0 0 0 -10.9303 56.5639 
92 60 76 44 108 124 1.4 0 0 0 0 0 -10.8817 50.6636 
108 60 76 92 44 124 4.4 0 0 0 0 0 -13.5955 31.6661 
124 60 76 92 108 44 9.6 0 0 0 0 0 -35.0893 -14.3481 
45 61 77 93 109 125 5.2 0 0 0 0 0 -13.6284 29.2764 
61 45 77 93 109 125 4.3 0 0 0 0 0 -13.0042 40.5973 
77 61 45 93 109 125 1.6 0 0 0 0 0 -10.856 57.6189 
93 61 77 45 109 125 1.6 0 0 0 0 0 -10.9681 49.5646 
109 61 77 93 45 125 4.6 0 0 0 0 0 -13.8121 30.5876 
125 61 77 93 109 45 9.6 0 0 0 0 0 -35.4394 -15.1956 
46 62 78 94 110 126 5.2 0 0 0 0 0 -13.687 29.9452 
62 46 78 94 110 126 4.1 0 0 0 0 0 -12.8827 41.4169 
78 62 46 94 110 126 1.4 0 0 0 0 0 -10.7886 58.6785 
94 62 78 46 110 126 1.7 0 0 0 0 0 -11.0648 48.457 
110 62 78 94 46 126 4.7 0 0 0 0 0 -14.0329 29.5129 
126 62 78 94 110 46 9.7 0 0 0 0 0 -35.7888 -16.0339 
47 63 79 95 111 127 5.2 0 0 0 0 0 -13.7289 30.6751 
63 47 79 95 111 127 4 0 0 0 0 0 -12.7571 42.2628 
79 63 47 95 111 127 1.2 0 0 0 0 0 -10.7287 59.7469 
95 63 79 47 111 127 1.9 0 0 0 0 0 -11.1719 47.3406 
111 63 79 95 47 127 4.9 0 0 0 0 0 -14.2579 28.4416 
127 63 79 95 111 47 9.8 0 0 0 0 0 -36.1389 -16.8623 
48 64 80 96 112 128 5.8 0 0 0 0 0 -15.1947 26.5637 
64 48 80 96 112 128 4.2 0 0 0 0 0 -13.1183 41.1893 
80 64 48 96 112 128 1.3 0 0 0 0 0 -10.7682 59.3297 
96 64 80 48 112 128 1.9 0 0 0 0 0 -11.1296 47.7899 
112 64 80 96 48 128 4.8 0 0 0 0 0 -14.0301 29.0605 
128 64 80 96 112 48 9.6 0 0 0 0 0 -34.9908 -15.1614 
49 65 81 97 113 129 5.7 0 0 0 0 0 -15.1858 27.432 
65 49 81 97 113 129 4.1 0 0 0 0 0 -12.9717 42.0807 
81 65 49 97 113 129 1.1 0 0 0 0 0 -10.7098 60.3981 
97 65 81 49 113 129 2 0 0 0 0 0 -11.24 46.6753 
113 65 81 97 49 129 4.9 0 0 0 0 0 -14.2378 28.0377 
129 65 81 97 113 49 9.7 0 0 0 0 0 -35.2808 -15.9011 
50 66 82 98 114 130 5.7 0 0 0 0 0 -15.162 28.3532 
66 50 82 98 114 130 4 0 0 0 0 0 -12.8233 42.9932 
82 66 50 98 114 130 1 0 0 0 0 0 -10.6597 61.4719 
98 66 82 50 114 130 2.2 0 0 0 0 0 -11.3599 45.5568 
114 66 82 98 50 130 5.1 0 0 0 0 0 -14.4474 27.0262 
130 66 82 98 114 50 9.8 0 0 0 0 0 -35.5693 -16.6271 
51 67 83 99 115 131 5.6 0 0 0 0 0 -15.1235 29.3278 
67 51 83 99 115 131 3.9 0 0 0 0 0 -12.6737 43.9269 
83 67 51 99 115 131 0.8 0 0 0 0 0 -10.6185 62.5511 
99 67 83 51 115 131 2.4 0 0 0 0 0 -11.4892 44.4333 
115 67 83 99 51 131 5.2 0 0 0 0 0 -14.6585 26.0248 
131 67 83 99 115 51 9.8 0 0 0 0 0 -35.8584 -17.3438 
52 68 84 100 116 132 6 0 0 0 0 0 -16.2658 26.2743 
68 52 84 100 116 132 4 0 0 0 0 0 -12.936 43.1146 
84 68 52 100 116 132 0.9 0 0 0 0 0 -10.6383 62.1555 
100 68 84 52 116 132 2.3 0 0 0 0 0 -11.428 44.8525 
116 68 84 100 52 132 5.1 0 0 0 0 0 -14.3433 26.8262 
132 68 84 100 116 52 9.6 0 0 0 0 0 -34.3486 -15.1231 
53 69 85 101 117 133 6 0 0 0 0 0 -16.1811 27.3584 
69 53 85 101 117 133 3.9 0 0 0 0 0 -12.7721 44.0802 
85 69 53 101 117 133 0.7 0 0 0 0 0 -10.601 63.2226 
101 69 85 53 117 133 2.5 0 0 0 0 0 -11.5576 43.7403 
117 69 85 101 53 133 5.2 0 0 0 0 0 -14.5297 25.8844 
133 69 85 101 117 53 9.7 0 0 0 0 0 -34.5614 -15.7305 
54 70 86 102 118 134 5.9 0 0 0 0 0 -16.0842 28.4818 
70 54 86 102 118 134 3.7 0 0 0 0 0 -12.609 45.0593 
86 70 54 102 118 134 0.5 0 0 0 0 0 -10.5731 62.9308 
102 70 86 54 118 134 2.7 0 0 0 0 0 -11.6953 42.6267 
118 70 86 102 54 134 5.3 0 0 0 0 0 -14.715 24.9563 
134 70 86 102 118 54 9.8 0 0 0 0 0 -34.7726 -16.3199 
55 71 87 103 119 135 5.8 0 0 0 0 0 -15.9753 29.65 
71 55 87 103 119 135 3.6 0 0 0 0 0 -12.4473 46.0515 
87 71 55 103 119 135 0.3 0 0 0 0 0 -10.5548 61.9043 
103 71 87 55 119 135 2.9 0 0 0 0 0 -11.8411 41.5136 
119 71 87 103 55 135 5.5 0 0 0 0 0 -14.8992 24.0432 
135 71 87 103 119 55 9.8 0 0 0 0 0 -34.9858 -16.8931 
56 72 88 104 120 136 6.1 0 0 0 0 0 -16.847 27.3616 
72 56 88 104 120 136 3.7 0 0 0 0 0 -12.6338 45.4263 
88 72 56 104 120 136 0.4 0 0 0 0 0 -10.5605 62.5694 
104 72 88 56 120 136 2.8 0 0 0 0 0 -11.7514 41.957 
120 72 88 104 56 136 5.3 0 0 0 0 0 -14.4721 25.0974 
136 72 88 104 120 56 9.6 0 0 0 0 0 -32.9978 -13.9859 
57 73 89 105 121 137 6 0 0 0 0 0 -16.6997 28.6144 
73 57 89 105 121 137 3.6 0 0 0 0 0 -12.4638 46.4375 
89 73 57 105 121 137 0.2 0 0 0 0 0 -10.5474 61.5252 
105 73 89 57 121 137 3 0 0 0 0 0 -11.8932 40.8712 
121 73 89 105 57 137 5.4 0 0 0 0 0 -14.6234 24.2625 
137 73 89 105 121 57 9.6 0 0 0 0 0 -33.115 -14.4268 
58 74 90 106 122 138 5.9 0 0 0 0 0 -16.5433 29.9029 
74 58 90 106 122 138 3.4 0 0 0 0 0 -12.297 47.4603 
90 74 58 106 122 138 0 0 0 0 0 0 -10.544 60.4709 
106 74 90 58 122 138 3.1 0 0 0 0 0 -12.0413 39.7904 
122 74 90 106 58 138 5.5 0 0 0 0 0 -14.7709 23.4471 
138 74 90 106 122 58 9.6 0 0 0 0 0 -33.2319 -14.8467 
59 75 91 107 123 139 5.8 0 0 0 0 0 -16.378 30.7433 
75 59 91 107 123 139 3.3 0 0 0 0 0 -12.1338 48.4948 
91 75 59 107 123 139 0.2 0 0 0 0 0 -10.5505 59.4019 
107 75 91 59 123 139 3.3 0 0 0 0 0 -12.1955 38.7114 
123 75 91 107 59 139 5.6 0 0 0 0 0 -14.9144 22.6454 
139 75 91 107 123 59 9.7 0 0 0 0 0 -33.3546 -15.2481 
60 76 92 108 124 140 6 0 0 0 0 0 -17.0348 29.3319 
76 60 92 108 124 140 3.4 0 0 0 0 0 -12.2645 47.9898 
92 76 60 108 124 140 0.1 0 0 0 0 0 -10.5445 59.9381 
108 76 92 60 124 140 3.2 0 0 0 0 0 -12.0649 39.233 
124 76 92 108 60 140 5.3 0 0 0 0 0 -14.3496 24.0355 
140 76 92 108 124 60 9.4 0 0 0 0 0 -30.7347 -11.4145 
61 77 93 109 125 141 5.9 0 0 0 0 0 -16.8395 30.1492 
77 61 93 109 125 141 3.2 0 0 0 0 0 -12.098 49.0309 
93 77 61 109 125 141 0.3 0 0 0 0 0 -10.556 58.8634 
109 77 93 61 125 141 3.4 0 0 0 0 0 -12.2098 38.1913 
125 77 93 109 61 141 5.4 0 0 0 0 0 -14.4521 23.3286 
141 77 93 109 125 61 9.4 0 0 0 0 0 -30.7378 -11.6572 
62 78 94 110 126 142 5.8 0 0 0 0 0 -16.6379 30.9884 
78 62 94 110 126 142 3.1 0 0 0 0 0 -11.9366 50.0791 
94 78 62 110 126 142 0.5 0 0 0 0 0 -10.577 57.7827 
110 78 94 62 126 142 3.5 0 0 0 0 0 -12.3587 37.1592 
126 78 94 110 62 142 5.5 0 0 0 0 0 -14.5482 22.6454 
142 78 94 110 126 62 9.4 0 0 0 0 0 -30.7444 -11.8769 
63 79 95 111 127 143 5.7 0 0 0 0 0 -16.4304 31.8448 
79 63 95 111 127 143 2.9 0 0 0 0 0 -11.7808 51.1344 
95 79 63 111 127 143 0.7 0 0 0 0 0 -10.6076 56.6962 
111 79 95 63 127 143 3.7 0 0 0 0 0 -12.5115 36.1363 
127 79 95 111 63 143 5.6 0 0 0 0 0 -14.6378 21.9848 
143 79 95 111 127 63 9.4 0 0 0 0 0 -30.7646 -12.0767 
64 80 96 112 128 144 5.9 0 0 0 0 0 -16.9208 30.778 
80 64 96 112 128 144 3 0 0 0 0 0 -11.8722 50.6928 
96 80 64 112 128 144 0.6 0 0 0 0 0 -10.5892 57.1591 
112 80 96 64 128 144 3.5 0 0 0 0 0 -12.3249 36.7895 
128 80 96 112 64 144 5.3 0 0 0 0 0 -13.9113 23.8065 
144 80 96 112 128 64 9 0 0 0 0 0 -27.3156 -6.95792 
65 81 97 113 129 145 5.8 0 0 0 0 0 -16.6912 31.6724 
81 65 97 113 129 145 2.8 0 0 0 0 0 -11.7169 51.7426 
97 81 65 113 129 145 0.8 0 0 0 0 0 -10.6233 56.0802 
113 81 97 65 129 145 3.7 0 0 0 0 0 -12.4621 35.8204 
129 81 97 113 65 145 5.3 0 0 0 0 0 -13.9527 23.2587 
145 81 97 113 129 65 9 0 0 0 0 0 -27.1938 -6.9686 
66 82 98 114 130 146 5.7 0 0 0 0 0 -16.4583 32.5842 
82 66 98 114 130 146 2.7 0 0 0 0 0 -11.5682 52.7951 
98 82 66 114 130 146 1 0 0 0 0 0 -10.6662 55.0002 
114 82 98 66 130 146 3.8 0 0 0 0 0 -12.6009 34.8638 
130 82 98 114 66 146 5.4 0 0 0 0 0 -13.9853 22.7382 
146 82 98 114 130 66 9 0 0 0 0 0 -27.0862 -6.9553 
67 83 99 115 131 147 5.6 0 0 0 0 0 -16.2222 33.5134 
83 67 99 115 131 147 2.5 0 0 0 0 0 -11.4264 53.8504 
99 83 67 115 131 147 1.1 0 0 0 0 0 -10.7178 53.9191 
115 83 99 67 131 147 4 0 0 0 0 0 -12.741 33.9161 
131 83 99 115 67 147 5.5 0 0 0 0 0 -14.0092 22.2419 
147 83 99 115 131 67 9 0 0 0 0 0 -27.0111 -6.9222 
68 84 100 116 132 148 5.7 0 0 0 0 0 -16.586 32.6929 
84 68 100 116 132 148 2.6 0 0 0 0 0 -11.4912 53.4194 
100 84 68 116 132 148 1 0 0 0 0 0 -10.6832 54.3636 
116 84 100 68 132 148 3.8 0 0 0 0 0 -12.4816 34.764 
132 84 100 116 68 148 5 0 0 0 0 0 -13.1083 24.6232 
148 84 100 116 132 68 8.2 0 0 0 0 0 -22.4974 0.0593373 
69 85 101 117 133 149 5.6 0 0 0 0 0 -16.335 33.6468 
85 69 101 117 133 149 2.4 0 0 0 0 0 -11.3527 54.457 
101 85 69 117 133 149 1.2 0 0 0 0 0 -10.7357 53.3024 
117 85 101 69 133 149 3.9 0 0 0 0 0 -12.5994 33.8843 
133 85 101 117 69 149 5 0 0 0 0 0 -13.0797 24.2615 
149 85 101 117 133 69 8.2 0 0 0 0 0 -22.2813 0.0932716 
70 86 102 118 134 150 5.4 0 0 0 0 0 -16.083 34.6135 
86 70 102 118 134 150 2.2 0 0 0 0 0 -11.2219 55.4931 
102 86 70 118 134 150 1.4 0 0 0 0 0 -10.7956 52.2423 
118 86 102 70 134 150 4 0 0 0 0 0 -12.716 33.0227 
134 86 102 118 70 150 5 0 0 0 0 0 -13.0408 23.9285 
150 86 102 118 134 70 8.1 0 0 0 0 0 -22.1128 -1.82274 
71 87 103 119 135 151 5.3 0 0 0 0 0 -15.8305 35.593 
87 71 103 119 135 151 2.1 0 0 0 0 0 -11.0987 56.5276 
103 87 71 119 135 151 1.6 0 0 0 0 0 -10.8628 51.1817 
119 87 103 71 135 151 4.2 0 0 0 0 0 -12.8313 32.1787 
135 87 103 119 71 151 5.1 0 0 0 0 0 -12.992 23.623 
151 87 103 119 135 71 8.1 0 0 0 0 0 -22.0299 -3.84647 
72 88 104 120 136 152 5.4 0 0 0 0 0 -16.1003 34.9433 
88 72 104 120 136 152 2.1 0 0 0 0 0 -11.1462 56.0561 
104 88 72 120 136 152 1.5 0 0 0 0 0 -10.8057 51.6631 
120 88 104 72 136 152 3.9 0 0 0 0 0 -12.4821 33.287 
136 88 104 120 72 152 4.3 0 0 0 0 0 -11.9411 26.7344 
152 88 104 120 136 72 6.7 0 0 0 0 0 -16.2113 1.01781 
73 89 105 121 137 153 5.3 0 0 0 0 0 -15.8389 35.9349 
89 73 105 121 137 153 2 0 0 0 0 0 -11.028 57.0597 
105 89 73 121 137 153 1.6 0 0 0 0 0 -10.8701 50.6348 
121 89 105 73 137 153 4 0 0 0 0 0 -12.5682 32.526 
137 89 105 121 73 153 4.3 0 0 0 0 0 -11.8429 26.588 
153 89 105 121 137 73 6.6 0 0 0 0 0 -16.0374 -0.24846 
74 90 106 122 138 154 5.2 0 0 0 0 0 -15.5788 36.9349 
90 74 106 122 138 154 1.8 0 0 0 0 0 -10.9178 58.0533 
106 90 74 122 138 154 1.8 0 0 0 0 0 -10.9403 49.6143 
122 90 106 74 138 154 4.1 0 0 0 0 0 -12.6506 31.7852 
138 90 106 122 74 154 4.3 0 0 0 0 0 -11.7345 26.4736 
154 90 106 122 138 74 6.5 0 0 0 0 0 -15.9709 -1.59438 
75 91 107 123 139 155 5 0 0 0 0 0 -15.3203 37.9432 
91 75 107 123 139 155 1.7 0 0 0 0 0 -10.8156 59.0412 
107 91 75 123 139 155 1.9 0 0 0 0 0 -11.0159 48.6014 
123 91 107 75 139 155 4.2 0 0 0 0 0 -12.729 31.0629 
139 91 107 123 75 155 4.3 0 0 0 0 0 -11.6166 26.39 
155 91 107 123 139 75 6.4 0 0 0 0 0 -16.0573 -3.02369 
76 92 108 124 140 156 5.1 0 0 0 0 0 -15.5222 37.4005 
92 76 108 124 140 156 1.7 0 0 0 0 0 -10.8519 58.4825 
108 92 76 124 140 156 1.8 0 0 0 0 0 -10.9276 49.1692 
124 92 108 76 140 156 3.9 0 0 0 0 0 -12.276 32.5164 
140 92 108 124 76 156 3.1 0 0 0 0 0 -10.5729 30.4643 
156 92 108 124 140 76 1 0 0 0 0 0 -8.9952 -0.0534127 
77 93 109 125 141 157 5 0 0 0 0 0 -15.2599 38.4089 
93 77 109 125 141 157 1.6 0 0 0 0 0 -10.7551 59.4285 
109 93 77 125 141 157 2 0 0 0 0 0 -10.9958 48.2013 
125 93 109 77 141 157 4 0 0 0 0 0 -12.3191 31.8938 
141 93 109 125 77 157 3 0 0 0 0 0 -10.4317 29.8128 
157 93 109 125 141 77 0.2 0 0 0 0 0 -8.94044 -0.00282748 
78 94 110 126 142 158 4.9 0 0 0 0 0 -15.0008 39.4213 
94 78 110 126 142 158 1.4 0 0 0 0 0 -10.6663 60.3645 
110 94 78 126 142 158 2.1 0 0 0 0 0 -11.0676 47.2454 
126 94 110 78 142 158 4.1 0 0 0 0 0 -12.356 31.2974 
142 94 110 126 78 158 2.9 0 0 0 0 0 -10.2848 28.0001 
158 94 110 126 142 78 0.6 0 0 0 0 0 -8.95411 -0.0174791 
79 95 111 127 143 159 4.7 0 0 0 0 0 -14.745 40.4378 
95 79 111 127 143 159 1.3 0 0 0 0 0 -10.5853 61.2908 
111 95 79 127 143 159 2.2 0 0 0 0 0 -11.1428 46.2973 
127 95 111 79 143 159 4.2 0 0 0 0 0 -12.3866 30.7264 
143 95 111 127 79 159 2.7 0 0 0 0 0 -10.1339 26.1251 
159 95 111 127 143 79 1.7 0 0 0 0 0 -9.04687 -0.107919 
80 96 112 128 144 160 4.6 0 0 0 0 0 -14.4925 41.4527 
96 80 112 128 144 160 1.1 0 0 0 0 0 -10.5121 62.2077 
112 96 80 128 144 160 2.4 0 0 0 0 0 -11.221 45.3589 
128 96 112 80 144 160 4.2 0 0 0 0 0 -12.411 30.1797 
144 96 112 128 80 160 2.6 0 0 0 0 0 -9.98057 24.1915 
160 96 112 128 144 80 3 0 0 0 0 0 -9.22976 -0.285165 
81 97 113 129 145 161 4.5 0 0 0 0 0 -14.2436 42.4717 
97 81 113 129 145 161 0.9 0 0 0 0 0 -10.4465 63.1155 
113 97 81 129 145 161 2.5 0 0 0 0 0 -11.3019 44.4317 
129 97 113 81 145 161 4.3 0 0 0 0 0 -12.4291 29.6559 
145 97 113 129 81 161 2.5 0 0 0 0 0 -9.82744 22.2029 
161 97 113 129 145 81 4.6 0 0 0 0 0 -9.51418 -0.560776 
82 98 114 130 146 162 4.3 0 0 0 0 0 -13.9984 43.495 
98 82 114 130 146 162 0.8 0 0 0 0 0 -10.3884 64.0146 
114 98 82 130 146 162 2.7 0 0 0 0 0 -11.3853 43.5153 
130 98 114 82 146 162 4.4 0 0 0 0 0 -12.4412 29.15 
146 98 114 130 82 162 2.3 0 0 0 0 0 -9.67798 20.1621 
162 98 114 130 146 82 6.8 0 0 0 0 0 -9.91189 -0.946546 
83 99 115 131 147 163 4.2 0 0 0 0 0 -13.7572 44.5226 
99 83 115 131 147 163 0.6 0 0 0 0 0 -10.3378 64.9055 
115 99 83 131 147 163 2.8 0 0 0 0 0 -11.471 42.6094 
131 99 115 83 147 163 4.4 0 0 0 0 0 -12.4474 28.6645 
147 99 115 131 83 163 2.1 0 0 0 0 0 -9.53746 18.0715 
163 99 115 131 147 83 10.5 0 0 0 0 0 -10.4349 -1.45467 
84 100 116 132 148 164 4.1 0 0 0 0 0 -13.5199 45.5547 
100 84 116 132 148 164 0.5 0 0 0 0 0 -10.2946 65.7888 
116 100 84 132 148 164 2.9 0 0 0 0 0 -11.5587 41.713 
132 100 116 84 148 164 4.5 0 0 0 0 0 -12.448 28.1977 
148 100 116 132 84 164 2 0 0 0 0 0 -9.4143 15.9329 
164 100 116 132 148 84 157.8 0 0 0 0 0 -11.0957 -2.09759 
85 101 117 133 149 165 3.9 0 0 0 0 0 -13.2869 46.5914 
101 85 117 133 149 165 0.3 0 0 0 0 0 -10.2587 66.665 
117 101 85 133 149 165 3.1 0 0 0 0 0 -11.6485 40.8206 
133 101 117 85 149 165 4.5 0 0 0 0 0 -12.4434 27.7479 
149 101 117 133 85 165 1.8 0 0 0 0 0 -9.32222 13.7471 
165 101 117 133 149 85 154 0 0 0 0 0 -11.9068 -2.88815 
86 102 118 134 150 166 3.8 0 0 0 0 0 -13.0583 47.6329 
102 86 118 134 150 166 0.2 0 0 0 0 0 -10.23 67.5349 
118 102 86 134 150 166 3.2 0 0 0 0 0 -11.7401 39.9369 
134 102 118 86 150 166 4.6 0 0 0 0 0 -12.4341 27.313 
150 102 118 134 86 166 1.6 0 0 0 0 0 -9.28373 11.5138 
166 102 118 134 150 86 151.8 0 0 0 0 0 -12.8813 -3.83944 
87 103 119 135 151 167 3.7 0 0 0 0 0 -12.8343 48.6792 
103 87 119 135 151 167 0 0 0 0 0 0 -10.2085 68.3991 
119 103 87 135 151 167 3.3 0 0 0 0 0 -11.8336 39.0613 
135 103 119 87 151 167 4.6 0 0 0 0 0 -12.4209 26.8903 
151 103 119 135 87 167 1.4 0 0 0 0 0 -9.33514 9.23197 
167 103 119 135 151 87 150.1 0 0 0 0 0 -14.0328 -4.96518 
88 104 120 136 152 168 3.5 0 0 0 0 0 -12.615 49.7306 
104 88 120 136 152 168 0.1 0 0 0 0 0 -10.1942 69.2587 
120 104 88 136 152 168 3.5 0 0 0 0 0 -11.9289 38.1928 
136 104 120 88 152 168 4.7 0 0 0 0 0 -12.4045 26.4749 
152 104 120 136 88 168 1.2 0 0 0 0 0 -9.53246 6.89913 
168 104 120 136 152 88 148.8 0 0 0 0 0 -15.375 -6.27928 
89 105 121 137 153 169 3.4 0 0 0 0 0 -12.4006 50.7873 
105 89 121 137 153 169 0.3 0 0 0 0 0 -10.1869 70.1146 
121 105 89 137 153 169 3.6 0 0 0 0 0 -12.0261 37.3305 
137 105 121 89 153 169 4.7 0 0 0 0 0 -12.3863 26.0673 
153 105 121 137 89 169 1 0 0 0 0 0 -9.95482 4.51159 
169 105 121 137 153 89 147.7 0 0 0 0 0 -16.9225 -7.79633 
90 106 122 138 154 170 3.2 0 0 0 0 0 -12.1913 51.8495 
106 90 122 138 154 170 0.5 0 0 0 0 0 -10.1868 67.7865 
122 106 90 138 154 170 3.7 0 0 0 0 0 -12.1254 36.4695 
138 106 122 90 154 170 4.8 0 0 0 0 0 -12.3686 25.6646 
154 106 122 138 90 170 0.9 0 0 0 0 0 -10.6982 2.06415 
170 106 122 138 154 90 146.9 0 0 0 0 0 -18.6905 -9.53177 
91 107 123 139 155 171 3.1 0 0 0 0 0 -11.9873 52.9176 
107 91 123 139 155 171 0.6 0 0 0 0 0 -10.1937 64.8123 
123 107 91 139 155 171 3.8 0 0 0 0 0 -12.227 35.6111 
139 107 123 91 155 171 4.8 0 0 0 0 0 -12.3555 23.7057 
155 107 123 139 91 171 132.1 0 0 0 0 0 -11.8519 -0.449855 
171 107 123 139 155 91 146.1 0 0 0 0 0 -20.6952 -11.5019 
92 108 124 140 156 172 2.9 0 0 0 0 0 -11.7888 53.9883 
108 92 124 140 156 172 0.8 0 0 0 0 0 -10.2078 61.6954 
124 108 92 140 156 172 4 0 0 0 0 0 -12.3311 34.7554 
140 108 124 92 156 172 4.9 0 0 0 0 0 -12.3555 19.8016 
156 108 124 140 92 172 131.9 0 0 0 0 0 -13.4641 -3.03864 
172 108 124 140 156 92 145.5 0 0 0 0 0 -22.9536 -13.7237 
93 109 125 141 157 173 2.8 0 0 0 0 0 -11.5959 54.4167 
109 93 125 141 157 173 0.9 0 0 0 0 0 -10.229 58.4389 
125 109 93 141 157 173 4.1 0 0 0 0 0 -12.4382 33.9012 
141 109 125 93 157 173 4.9 0 0 0 0 0 -12.3875 15.7927 
157 109 125 141 93 173 131.6 0 0 0 0 0 -15.5208 -5.71253 
173 109 125 141 157 93 144.9 0 0 0 0 0 -25.4845 -16.2164 
94 110 126 142 158 174 2.7 0 0 0 0 0 -11.4089 52.7408 
110 94 126 142 158 174 1.1 0 0 0 0 0 -10.2575 55.0452 
126 110 94 142 158 174 4.2 0 0 0 0 0 -12.5489 33.0468 
142 110 126 94 158 174 5 0 0 0 0 0 -12.4945 11.6774 
158 110 126 142 94 174 131.4 0 0 0 0 0 -17.9607 -8.48323 
174 110 126 142 158 94 144.4 0 0 0 0 0 -28.3082 -19 
95 111 127 143 159 175 2.5 0 0 0 0 0 -11.2278 50.271 
111 95 127 143 159 175 1.2 0 0 0 0 0 -10.2934 51.5176 
127 111 95 143 159 175 4.3 0 0 0 0 0 -12.664 32.1869 
143 111 127 95 159 175 5 0 0 0 0 0 -12.7731 7.45309 
159 111 127 143 95 175 131.2 0 0 0 0 0 -20.7096 -11.3649 
175 111 127 143 159 95 144 0 0 0 0 0 -31.4475 -22.0977 
96 112 128 144 160 176 2.4 0 0 0 0 0 -11.053 47.6703 
112 96 128 144 160 176 1.4 0 0 0 0 0 -10.3369 47.8577 
128 112 96 144 160 176 4.5 0 0 0 0 0 -12.7852 30.9616 
144 112 128 96 160 176 5.1 0 0 0 0 0 -13.4248 3.1162 
160 112 128 144 96 176 131 0 0 0 0 0 -23.7076 -14.374 
176 112 128 144 160 96 143.6 0 0 0 0 0 -34.928 -25.5352 
97 113 129 145 161 177 2.2 0 0 0 0 0 -10.8847 44.9406 
113 97 129 145 161 177 1.5 0 0 0 0 0 -10.3882 44.0681 
129 113 97 145 161 177 4.6 0 0 0 0 0 -12.9154 26.4873 
145 113 129 97 161 177 5.2 0 0 0 0 0 -14.7853 -1.33768 
161 113 129 145 97 177 130.8 0 0 0 0 0 -26.92 -17.53 
177 113 129 145 161 97 143.3 0 0 0 0 0 -38.7795 -29.3423 
98 114 130 146 162 178 2.1 0 0 0 0 0 -10.723 42.0845 
114 98 130 146 162 178 1.7 0 0 0 0 0 -10.4478 40.1506 
130 114 98 146 162 178 4.7 0 0 0 0 0 -13.0615 21.8913 
146 114 130 98 162 178 110.1 0 0 0 0 0 -17.1946 -5.91469 
162 114 130 146 98 178 130.6 0 0 0 0 0 -30.3352 -20.8558 
178 114 130 146 162 98 143 0 0 0 0 0 -43.0368 -33.5536 
99 115 131 147 163 179 1.9 0 0 0 0 0 -10.5684 39.1042 
115 99 131 147 163 179 1.9 0 0 0 0 0 -10.5164 36.1064 
131 115 99 147 163 179 4.8 0 0 0 0 0 -13.24 17.1735 
147 115 131 99 163 179 110.1 0 0 0 0 0 -20.7035 -10.6212 
163 115 131 147 99 179 130.5 0 0 0 0 0 -33.9612 -24.3796 
179 115 131 147 163 99 142.8 0 0 0 0 0 -47.7417 -38.2118 
