30 44 58 72 86 100 10.5 0 0 0 0 0 31.625 -4.73131 
44 30 58 72 86 100 0.4 0 0 0 0 0 36.8166 19.8034 
58 44 30 72 86 100 1.4 0 0 0 0 0 36.1103 50.6684 
72 44 58 30 86 100 0.9 0 0 0 0 0 35.9272 55.6721 
86 44 58 72 30 100 0.3 0 0 0 0 0 35.8599 51.2031 
100 44 58 72 86 30 5.4 0 0 0 0 0 27.4729 19.1575 
31 45 59 73 87 101 9.3 0 0 0 0 0 32.1921 -4.15336 
45 31 59 73 87 101 0.4 0 0 0 0 0 36.7676 20.906 
59 45 31 73 87 101 1.3 0 0 0 0 0 36.1048 51.2446 
73 45 59 31 87 101 0.8 0 0 0 0 0 35.9453 55.8484 
87 45 59 73 31 101 0.4 0 0 0 0 0 35.8355 50.3298 
101 45 59 73 87 31 5.5 0 0 0 0 0 27.1943 18.2891 
32 46 60 74 88 102 8.3 0 0 0 0 0 32.6904 -3.64197 
46 32 60 74 88 102 0.3 0 0 0 0 0 36.7168 21.9259 
60 46 32 74 88 102 1.3 0 0 0 0 0 36.101 51.844 
74 46 60 32 88 102 0.7 0 0 0 0 0 35.9593 55.211 
88 46 60 74 32 102 0.6 0 0 0 0 0 35.8036 49.4457 
102 46 60 74 88 32 5.6 0 0 0 0 0 26.9151 17.4246 
33 47 61 75 89 103 7.5 0 0 0 0 0 33.126 -3.19112 
47 33 61 75 89 103 0.3 0 0 0 0 0 36.6652 22.862 
61 47 33 75 89 103 1.2 0 0 0 0 0 36.0986 52.467 
75 47 61 33 89 103 0.5 0 0 0 0 0 35.9688 54.5502 
89 47 61 75 33 103 0.7 0 0 0 0 0 35.7641 48.5506 
103 47 61 75 89 33 5.7 0 0 0 0 0 26.6351 16.5638 
34 48 62 76 90 104 6.7 0 0 0 0 0 33.5045 -2.79533 
48 34 62 76 90 104 0.3 0 0 0 0 0 36.6134 23.7139 
62 48 34 76 90 104 1.1 0 0 0 0 0 36.0971 52.5127 
76 48 62 34 90 104 0.4 0 0 0 0 0 35.9735 53.8657 
90 48 62 76 34 104 0.9 0 0 0 0 0 35.7168 47.6445 
104 48 62 76 90 34 5.8 0 0 0 0 0 26.3545 15.7066 
35 49 63 77 91 105 6.1 0 0 0 0 0 33.8313 -2.44921 
49 35 63 77 91 105 0.3 0 0 0 0 0 36.5618 24.4802 
63 49 35 77 91 105 1 0 0 0 0 0 36.096 52.2454 
77 49 63 35 91 105 0.2 0 0 0 0 0 35.9728 53.1573 
91 49 63 77 35 105 1 0 0 0 0 0 35.6617 46.7228 
105 49 63 77 91 35 5.9 0 0 0 0 0 26.0731 14.8492 
36 50 64 78 92 106 5.5 0 0 0 0 0 34.1115 -2.14771 
50 36 64 78 92 106 0.7 0 0 0 0 0 36.6186 35.6847 
64 50 36 78 92 106 1.3 0 0 0 0 0 35.9879 52.7375 
78 50 64 36 92 106 0.4 0 0 0 0 0 35.9576 54.3112 
92 50 64 78 36 106 1 0 0 0 0 0 35.6863 47.2123 
106 50 64 78 92 36 6 0 0 0 0 0 25.7906 13.9932 
37 51 65 79 93 107 5 0 0 0 0 0 34.3497 -1.88629 
51 37 65 79 93 107 0.7 0 0 0 0 0 36.5696 36.9109 
65 51 37 79 93 107 1.2 0 0 0 0 0 35.9995 53.4513 
79 51 65 37 93 107 0.2 0 0 0 0 0 35.9578 53.5589 
93 51 65 79 37 107 1.1 0 0 0 0 0 35.6284 46.2823 
107 51 65 79 93 37 6.1 0 0 0 0 0 25.5068 13.1404 
38 52 66 80 94 108 4.6 0 0 0 0 0 34.5502 -1.66088 
52 38 66 80 94 108 0.7 0 0 0 0 0 36.5238 38.0224 
66 52 38 80 94 108 1 0 0 0 0 0 36.0102 54.1836 
80 52 66 38 94 108 0 0 0 0 0 0 35.9518 52.7873 
94 52 66 80 38 108 1.3 0 0 0 0 0 35.5629 45.3453 
108 52 66 80 94 38 6.1 0 0 0 0 0 25.2213 12.2903 
39 53 67 81 95 109 4.2 0 0 0 0 0 34.717 -1.46714 
53 39 67 81 95 109 0.6 0 0 0 0 0 36.4812 39.0185 
67 53 39 81 95 109 0.9 0 0 0 0 0 36.0196 54.2489 
81 53 67 39 95 109 0.1 0 0 0 0 0 35.9394 51.9962 
95 53 67 81 39 109 1.4 0 0 0 0 0 35.4896 44.4012 
109 53 67 81 95 39 6.2 0 0 0 0 0 24.9334 11.4429 
40 54 68 82 96 110 3.9 0 0 0 0 0 34.8539 -1.30197 
54 40 68 82 96 110 0.6 0 0 0 0 0 36.4413 39.8984 
68 54 40 82 96 110 0.8 0 0 0 0 0 36.0273 53.7907 
82 54 68 40 96 110 0.2 0 0 0 0 0 35.9202 51.1856 
96 54 68 82 40 110 1.6 0 0 0 0 0 35.4087 43.45 
110 54 68 82 96 40 6.3 0 0 0 0 0 24.6419 10.5952 
41 55 69 83 97 111 3.6 0 0 0 0 0 34.964 -1.16171 
55 41 69 83 97 111 1.2 0 0 0 0 0 36.3104 47.9141 
69 55 41 83 97 111 1 0 0 0 0 0 35.9598 54.934 
83 55 69 41 97 111 0.1 0 0 0 0 0 35.9241 52.0264 
97 55 69 83 41 111 1.5 0 0 0 0 0 35.4506 43.872 
111 55 69 83 97 41 6.4 0 0 0 0 0 24.345 9.74654 
42 56 70 84 98 112 3.4 0 0 0 0 0 35.0504 -1.04378 
56 42 70 84 98 112 1.1 0 0 0 0 0 36.2868 49.1136 
70 56 42 84 98 112 0.9 0 0 0 0 0 35.9756 55.4933 
84 56 70 42 98 112 0.3 0 0 0 0 0 35.9033 51.1868 
98 56 70 84 42 112 1.7 0 0 0 0 0 35.3687 42.9266 
112 56 70 84 98 42 6.5 0 0 0 0 0 24.04 8.01038 
43 57 71 85 99 113 3.2 0 0 0 0 0 35.1157 -0.945362 
57 43 71 85 99 113 1.1 0 0 0 0 0 36.266 49.8051 
71 57 43 85 99 113 0.8 0 0 0 0 0 35.9883 54.9364 
85 57 71 43 99 113 0.4 0 0 0 0 0 35.8752 50.3321 
99 57 71 85 43 113 1.8 0 0 0 0 0 35.2797 41.9782 
113 57 71 85 99 43 6.5 0 0 0 0 0 23.7218 5.79244 
44 58 72 86 100 114 3 0 0 0 0 0 35.1623 -0.86444 
58 44 72 86 100 114 1 0 0 0 0 0 36.2475 49.7596 
72 58 44 86 100 114 0.6 0 0 0 0 0 35.9976 54.351 
86 58 72 44 100 114 0.6 0 0 0 0 0 35.8397 49.4621 
100 58 72 86 44 114 2 0 0 0 0 0 35.1837 41.0257 
114 58 72 86 100 44 6.6 0 0 0 0 0 23.3825 3.42346 
45 59 73 87 101 115 0.5 0 0 0 0 0 36.6986 23.6498 
59 45 73 87 101 115 1.4 0 0 0 0 0 36.0965 51.1503 
73 59 45 87 101 115 0.8 0 0 0 0 0 35.9558 55.9819 
87 59 73 45 101 115 0.5 0 0 0 0 0 35.8532 50.0951 
101 59 73 87 45 115 1.9 0 0 0 0 0 35.243 41.429 
115 59 73 87 101 45 6.6 0 0 0 0 0 23.91 7.95316 
46 60 74 88 102 116 0.5 0 0 0 0 0 36.6466 24.7375 
60 46 74 88 102 116 1.3 0 0 0 0 0 36.0945 51.7557 
74 60 46 88 102 116 0.6 0 0 0 0 0 35.9695 55.3382 
88 60 74 46 102 116 0.7 0 0 0 0 0 35.8149 49.2058 
102 60 74 88 46 116 2.1 0 0 0 0 0 35.1483 40.4883 
116 60 74 88 102 46 6.6 0 0 0 0 0 23.6379 7.14585 
47 61 75 89 103 117 0.4 0 0 0 0 0 36.5942 25.7368 
61 47 75 89 103 117 1.2 0 0 0 0 0 36.0938 52.3849 
75 61 47 89 103 117 0.5 0 0 0 0 0 35.9787 54.6709 
89 61 75 47 103 117 0.8 0 0 0 0 0 35.769 48.3055 
103 61 75 89 47 117 2.2 0 0 0 0 0 35.0476 39.5465 
117 61 75 89 103 47 6.7 0 0 0 0 0 23.362 6.33767 
48 62 76 90 104 118 0.4 0 0 0 0 0 36.5417 26.6462 
62 48 76 90 104 118 1.1 0 0 0 0 0 36.094 53.0379 
76 62 48 90 104 118 0.4 0 0 0 0 0 35.983 53.9798 
90 62 76 48 104 118 1 0 0 0 0 0 35.7154 47.3941 
104 62 76 90 48 118 2.4 0 0 0 0 0 34.9411 38.6053 
118 62 76 90 104 48 6.8 0 0 0 0 0 23.079 5.5334 
49 63 77 91 105 119 0.4 0 0 0 0 0 36.4894 27.466 
63 49 77 91 105 119 1 0 0 0 0 0 36.0947 53.6309 
77 63 49 91 105 119 0.2 0 0 0 0 0 35.9819 53.2647 
91 63 77 49 105 119 1.1 0 0 0 0 0 35.6539 46.4669 
105 63 77 91 49 119 2.5 0 0 0 0 0 34.8288 37.6647 
119 63 77 91 105 49 6.9 0 0 0 0 0 22.7829 4.73249 
50 64 78 92 106 120 0.7 0 0 0 0 0 36.5951 36.8152 
64 50 78 92 106 120 1.3 0 0 0 0 0 35.981 52.6472 
78 64 50 92 106 120 0.3 0 0 0 0 0 35.9671 54.4427 
92 64 78 50 106 120 1.1 0 0 0 0 0 35.6813 46.9659 
106 64 78 92 50 120 2.4 0 0 0 0 0 34.9237 38.123 
120 64 78 92 106 50 6.8 0 0 0 0 0 23.3778 5.70929 
51 65 79 93 107 121 0.6 0 0 0 0 0 36.5457 38.01 
65 51 79 93 107 121 1.2 0 0 0 0 0 35.9945 53.3655 
79 65 51 93 107 121 0.2 0 0 0 0 0 35.9668 53.6855 
93 65 79 51 107 121 1.2 0 0 0 0 0 35.6173 46.0322 
107 65 79 93 51 121 2.6 0 0 0 0 0 34.8171 37.2109 
121 65 79 93 107 51 6.8 0 0 0 0 0 23.1329 4.96128 
52 66 80 94 108 122 0.6 0 0 0 0 0 36.4995 39.0878 
66 52 80 94 108 122 1.1 0 0 0 0 0 36.0072 54.1019 
80 66 52 94 108 122 0 0 0 0 0 0 35.9603 52.909 
94 66 80 52 108 122 1.4 0 0 0 0 0 35.5457 45.0914 
108 66 80 94 52 122 2.7 0 0 0 0 0 34.7062 36.3032 
122 66 80 94 108 52 6.9 0 0 0 0 0 22.8823 4.22045 
53 67 81 95 109 123 0.6 0 0 0 0 0 36.4561 40.0483 
67 53 81 95 109 123 1 0 0 0 0 0 36.0187 54.8541 
81 67 53 95 109 123 0.1 0 0 0 0 0 35.9474 52.1129 
95 67 81 53 109 123 1.5 0 0 0 0 0 35.4664 44.1436 
109 67 81 95 53 123 2.8 0 0 0 0 0 34.5911 35.396 
123 67 81 95 109 53 7 0 0 0 0 0 22.6193 3.4838 
54 68 82 96 110 124 1.2 0 0 0 0 0 36.3312 47.0086 
68 54 82 96 110 124 1.2 0 0 0 0 0 35.9363 54.061 
82 68 54 96 110 124 0 0 0 0 0 0 35.9464 52.9854 
96 68 82 54 110 124 1.5 0 0 0 0 0 35.505 44.5642 
110 68 82 96 54 124 2.7 0 0 0 0 0 34.7243 35.9421 
124 68 82 96 110 54 6.8 0 0 0 0 0 23.3602 4.73201 
55 69 83 97 111 125 1.1 0 0 0 0 0 36.3038 48.2906 
69 55 83 97 111 125 1.1 0 0 0 0 0 35.9568 54.8444 
83 69 55 97 111 125 0.1 0 0 0 0 0 35.9321 52.1577 
97 69 83 55 111 125 1.6 0 0 0 0 0 35.4244 43.6197 
111 69 83 97 55 125 2.8 0 0 0 0 0 34.6192 35.0711 
125 69 83 97 111 55 6.9 0 0 0 0 0 23.1499 4.05994 
56 70 84 98 112 126 1.1 0 0 0 0 0 36.2793 49.4353 
70 56 84 98 112 126 0.9 0 0 0 0 0 35.9747 55.6434 
84 70 56 98 112 126 0.3 0 0 0 0 0 35.9108 51.3149 
98 70 84 56 112 126 1.8 0 0 0 0 0 35.3368 42.6721 
112 70 84 98 56 126 3 0 0 0 0 0 34.5114 34.2083 
126 70 84 98 112 56 7 0 0 0 0 0 22.9297 3.39612 
57 71 85 99 113 127 1 0 0 0 0 0 36.2573 50.4429 
71 57 85 99 113 127 0.8 0 0 0 0 0 35.9897 56.3722 
85 71 57 99 113 127 0.4 0 0 0 0 0 35.8822 50.4569 
99 71 85 57 113 127 1.9 0 0 0 0 0 35.2423 41.7214 
113 71 85 99 57 127 3.1 0 0 0 0 0 34.4014 33.3533 
127 71 85 99 113 57 7 0 0 0 0 0 22.6871 2.7418 
58 72 86 100 114 128 0.9 0 0 0 0 0 36.2374 51.3129 
72 58 86 100 114 128 0.7 0 0 0 0 0 36.0012 55.7841 
86 72 58 100 114 128 0.6 0 0 0 0 0 35.8462 49.5836 
100 72 86 58 114 128 2.1 0 0 0 0 0 35.1408 40.7666 
114 72 86 100 58 128 3.2 0 0 0 0 0 34.289 32.506 
128 72 86 100 114 58 7.1 0 0 0 0 0 22.3983 1.07893 
59 73 87 101 115 129 1.3 0 0 0 0 0 36.0954 51.2879 
73 59 87 101 115 129 0.8 0 0 0 0 0 35.9564 56.6951 
87 73 59 101 115 129 0.5 0 0 0 0 0 35.8603 50.232 
101 73 87 59 115 129 2 0 0 0 0 0 35.2032 41.1775 
115 73 87 101 59 129 3.1 0 0 0 0 0 34.4908 33.2329 
129 73 87 101 115 59 6.9 0 0 0 0 0 23.4809 3.78658 
60 74 88 102 116 130 1.3 0 0 0 0 0 36.092 51.8969 
74 60 88 102 116 130 0.7 0 0 0 0 0 35.9725 56.7923 
88 74 60 102 116 130 0.7 0 0 0 0 0 35.8216 49.3412 
102 74 88 60 116 130 2.1 0 0 0 0 0 35.1035 40.2361 
116 74 88 102 60 130 3.2 0 0 0 0 0 34.3949 32.4385 
130 74 88 102 116 60 7 0 0 0 0 0 23.2739 3.22522 
61 75 89 103 117 131 1.2 0 0 0 0 0 36.0897 52.5295 
75 61 89 103 117 131 0.6 0 0 0 0 0 35.9841 56.1251 
89 75 61 103 117 131 0.8 0 0 0 0 0 35.7754 48.4393 
103 75 89 61 117 131 2.3 0 0 0 0 0 34.9978 39.2936 
117 75 89 103 61 131 3.3 0 0 0 0 0 34.2986 31.6543 
131 75 89 103 117 61 7 0 0 0 0 0 23.0089 0.105752 
62 76 90 104 118 132 1.1 0 0 0 0 0 36.0882 53.1862 
76 62 90 104 118 132 0.4 0 0 0 0 0 35.9908 55.4343 
90 76 62 104 118 132 1 0 0 0 0 0 35.7214 47.5264 
104 76 90 62 118 132 2.4 0 0 0 0 0 34.8865 38.3517 
118 76 90 104 62 132 3.4 0 0 0 0 0 34.2021 30.877 
132 76 90 104 118 62 7.1 0 0 0 0 0 22.6315 -3.38581 
63 77 91 105 119 133 1.4 0 0 0 0 0 35.9664 52.0733 
77 63 91 105 119 133 0.5 0 0 0 0 0 35.9672 56.6503 
91 77 63 105 119 133 0.9 0 0 0 0 0 35.7445 48.0322 
105 77 91 63 119 133 2.4 0 0 0 0 0 34.9746 38.7926 
119 77 91 105 63 133 3.2 0 0 0 0 0 34.4734 31.8162 
133 77 91 105 119 63 6.8 0 0 0 0 0 24.1617 2.37499 
64 78 92 106 120 134 1.3 0 0 0 0 0 35.9785 52.7736 
78 64 92 106 120 134 0.4 0 0 0 0 0 35.9754 55.9151 
92 78 64 106 120 134 1.1 0 0 0 0 0 35.6878 47.1111 
106 78 92 64 120 134 2.5 0 0 0 0 0 34.8682 37.8767 
120 78 92 106 64 134 3.3 0 0 0 0 0 34.3986 31.1031 
134 78 92 106 120 64 6.9 0 0 0 0 0 23.8977 -1.00601 
65 79 93 107 121 135 1.2 0 0 0 0 0 35.99 53.4934 
79 65 93 107 121 135 0.3 0 0 0 0 0 35.9778 55.1608 
93 79 65 107 121 135 1.2 0 0 0 0 0 35.6236 46.1798 
107 79 93 65 121 135 2.6 0 0 0 0 0 34.7574 36.9653 
121 79 93 107 65 135 3.4 0 0 0 0 0 34.3256 30.4052 
135 79 93 107 121 65 6.9 0 0 0 0 0 23.4806 -4.38537 
66 80 94 108 122 136 1 0 0 0 0 0 36.0007 54.2307 
80 66 94 108 122 136 0 0 0 0 0 0 35.9741 54.3873 
94 80 66 108 122 136 1.4 0 0 0 0 0 35.5519 45.2392 
108 80 94 66 122 136 2.8 0 0 0 0 0 34.6424 36.0584 
122 80 94 108 66 136 3.5 0 0 0 0 0 34.2543 29.7216 
136 80 94 108 122 66 7 0 0 0 0 0 22.8015 -7.76622 
67 81 95 109 123 137 0.9 0 0 0 0 0 36.0098 54.9845 
81 67 95 109 123 137 0 0 0 0 0 0 35.9641 53.5944 
95 81 67 109 123 137 1.5 0 0 0 0 0 35.4726 44.2914 
109 81 95 67 123 137 2.9 0 0 0 0 0 34.5233 35.1519 
123 81 95 109 67 137 3.6 0 0 0 0 0 34.185 29.0519 
137 81 95 109 123 67 7 0 0 0 0 0 21.7231 -11.1533 
68 82 96 110 124 138 1.1 0 0 0 0 0 35.9309 54.1713 
82 68 96 110 124 138 0 0 0 0 0 0 35.9616 54.4813 
96 82 68 110 124 138 1.5 0 0 0 0 0 35.5122 44.7245 
110 82 96 68 124 138 2.8 0 0 0 0 0 34.6608 35.7048 
124 82 96 110 68 138 3.3 0 0 0 0 0 34.5655 30.3382 
138 82 96 110 124 68 6.7 0 0 0 0 0 24.6656 -4.81888 
69 83 97 111 125 139 1 0 0 0 0 0 35.9491 54.9543 
83 69 97 111 125 139 0.1 0 0 0 0 0 35.9504 53.659 
97 83 69 111 125 139 1.6 0 0 0 0 0 35.4317 43.7818 
111 83 97 69 125 139 2.9 0 0 0 0 0 34.5522 34.8361 
125 83 97 111 69 139 3.4 0 0 0 0 0 34.5248 29.7497 
139 83 97 111 125 69 6.7 0 0 0 0 0 23.8686 -8.01429 
70 84 98 112 126 140 0.9 0 0 0 0 0 35.9647 55.7529 
84 70 98 112 126 140 0.2 0 0 0 0 0 35.9322 52.8218 
98 84 70 112 126 140 1.8 0 0 0 0 0 35.3444 42.8359 
112 84 98 70 126 140 3 0 0 0 0 0 34.4412 33.9755 
126 84 98 112 70 140 3.5 0 0 0 0 0 34.488 29.1788 
140 84 98 112 126 70 6.7 0 0 0 0 0 22.6435 -11.1943 
71 85 99 113 127 141 0.8 0 0 0 0 0 35.9771 56.5671 
85 71 99 113 127 141 0.4 0 0 0 0 0 35.907 51.9695 
99 85 71 113 127 141 1.9 0 0 0 0 0 35.2501 41.8869 
113 85 99 71 127 141 3.2 0 0 0 0 0 34.3279 33.1227 
127 85 99 113 71 141 3.6 0 0 0 0 0 34.4549 28.6216 
141 85 99 113 127 71 77 0 0 0 0 0 20.9244 -12.6051 
72 86 100 114 128 142 0.9 0 0 0 0 0 35.9261 55.9508 
86 72 100 114 128 142 0.3 0 0 0 0 0 35.9153 52.637 
100 86 72 114 128 142 1.9 0 0 0 0 0 35.3059 42.2921 
114 86 100 72 128 142 3 0 0 0 0 0 34.5174 33.8137 
128 86 100 114 72 142 3.2 0 0 0 0 0 34.9324 30.3009 
142 86 100 114 128 72 6.3 0 0 0 0 0 25.5385 -6.96847 
73 87 101 115 129 143 0.8 0 0 0 0 0 35.9439 56.7851 
87 73 101 115 129 143 0.5 0 0 0 0 0 35.8876 51.765 
101 87 73 115 129 143 2 0 0 0 0 0 35.2127 41.3573 
115 87 101 73 129 143 3.1 0 0 0 0 0 34.4195 33.0112 
129 87 101 115 73 143 3.3 0 0 0 0 0 34.932 29.8407 
143 87 101 115 129 73 6.3 0 0 0 0 0 24.289 -9.8858 
74 88 102 116 130 144 0.7 0 0 0 0 0 35.9574 57.631 
88 74 102 116 130 144 0.6 0 0 0 0 0 35.8526 50.8821 
102 88 74 116 130 144 2.1 0 0 0 0 0 35.1136 40.4219 
116 88 102 74 130 144 3.3 0 0 0 0 0 34.3211 32.2204 
130 88 102 116 74 144 3.3 0 0 0 0 0 34.9371 29.3986 
144 88 102 116 130 74 77 0 0 0 0 0 22.6175 -10.3703 
75 89 103 117 131 145 0.5 0 0 0 0 0 35.9664 58.4887 
89 75 103 117 131 145 0.8 0 0 0 0 0 35.8101 49.9883 
103 89 75 117 131 145 2.3 0 0 0 0 0 35.0087 39.4826 
117 89 103 75 131 145 3.4 0 0 0 0 0 34.2225 31.44 
131 89 103 117 75 145 3.4 0 0 0 0 0 34.9475 28.9762 
145 89 103 117 131 75 77 0 0 0 0 0 20.5686 -10.3214 
76 90 104 118 132 146 0.4 0 0 0 0 0 35.9703 59.358 
90 76 104 118 132 146 0.9 0 0 0 0 0 35.76 49.0836 
104 90 76 118 132 146 2.4 0 0 0 0 0 34.8982 38.5439 
118 90 104 76 132 146 3.5 0 0 0 0 0 34.1237 30.666 
132 90 104 118 76 146 3.4 0 0 0 0 0 34.9631 28.5723 
146 90 104 118 132 76 77.1 0 0 0 0 0 18.2276 -10.3942 
77 91 105 119 133 147 0.5 0 0 0 0 0 35.9488 58.8745 
91 77 105 119 133 147 0.9 0 0 0 0 0 35.7826 49.6026 
105 91 77 119 133 147 2.3 0 0 0 0 0 34.9874 38.9961 
119 91 105 77 133 147 3.3 0 0 0 0 0 34.4008 31.6099 
133 91 105 119 77 147 2.9 0 0 0 0 0 35.5587 30.8679 
147 91 105 119 133 77 77 0 0 0 0 0 25.769 -7.3769 
78 92 106 120 134 148 0.4 0 0 0 0 0 35.9543 59.7512 
92 78 106 120 134 148 1 0 0 0 0 0 35.7301 48.6915 
106 92 78 120 134 148 2.5 0 0 0 0 0 34.8821 38.085 
120 92 106 78 134 148 3.4 0 0 0 0 0 34.3244 30.9018 
134 92 106 120 78 148 2.9 0 0 0 0 0 35.609 30.5808 
148 92 106 120 134 78 77 0 0 0 0 0 24.0821 -7.25365 
79 93 107 121 135 149 0.2 0 0 0 0 0 35.954 60.6357 
93 79 107 121 135 149 1.2 0 0 0 0 0 35.6702 47.7736 
107 93 79 121 135 149 2.6 0 0 0 0 0 34.7726 37.1783 
121 93 107 79 135 149 3.5 0 0 0 0 0 34.2498 30.2087 
135 93 107 121 79 149 2.9 0 0 0 0 0 35.6653 30.3163 
149 93 107 121 135 79 77.1 0 0 0 0 0 22.1572 -8.55258 
80 94 108 122 136 150 0 0 0 0 0 0 35.9476 61.5282 
94 80 108 122 136 150 1.3 0 0 0 0 0 35.603 46.8437 
108 94 80 122 136 150 2.7 0 0 0 0 0 34.6589 36.2759 
122 94 108 80 136 150 3.6 0 0 0 0 0 34.1771 29.5298 
136 94 108 122 80 150 2.9 0 0 0 0 0 35.7268 30.0725 
150 94 108 122 136 80 77.2 0 0 0 0 0 20.0577 -10.6815 
81 95 109 123 137 151 0.2 0 0 0 0 0 35.9415 61.1189 
95 81 109 123 137 151 1.3 0 0 0 0 0 35.6363 47.2813 
109 95 81 123 137 151 2.6 0 0 0 0 0 34.7841 36.8048 
123 95 109 81 137 151 3.3 0 0 0 0 0 34.5391 30.7548 
137 95 109 123 81 151 2.1 0 0 0 0 0 36.343 29.1864 
151 95 109 123 137 81 19 0 0 0 0 0 29.5839 -3.98382 
82 96 110 124 138 152 0 0 0 0 0 0 35.9343 62.01 
96 82 110 124 138 152 1.4 0 0 0 0 0 35.5676 46.3534 
110 96 82 124 138 152 2.8 0 0 0 0 0 34.6798 35.9397 
124 96 110 82 138 152 3.4 0 0 0 0 0 34.4939 30.154 
138 96 110 124 82 152 2.1 0 0 0 0 0 36.4297 27.2155 
152 96 110 124 138 82 77.1 0 0 0 0 0 28.325 -5.36648 
83 97 111 125 139 153 0.1 0 0 0 0 0 35.9204 62.9052 
97 83 111 125 139 153 1.5 0 0 0 0 0 35.492 45.4225 
111 97 83 125 139 153 2.9 0 0 0 0 0 34.5729 35.0789 
125 97 111 83 139 153 3.5 0 0 0 0 0 34.4525 29.5715 
139 97 111 125 83 153 2.1 0 0 0 0 0 36.5197 25.1433 
153 97 111 125 139 83 77.2 0 0 0 0 0 26.9005 -6.8435 
84 98 112 126 140 154 0.3 0 0 0 0 0 35.8996 62.0834 
98 84 112 126 140 154 1.7 0 0 0 0 0 35.4097 44.4885 
112 98 84 126 140 154 3 0 0 0 0 0 34.4636 34.2243 
126 98 112 84 140 154 3.6 0 0 0 0 0 34.415 29.0065 
140 98 112 126 84 154 2 0 0 0 0 0 36.6108 22.972 
154 98 112 126 140 84 77.3 0 0 0 0 0 25.3402 -8.41985 
85 99 113 127 141 155 0.4 0 0 0 0 0 35.8715 61.2045 
99 85 113 127 141 155 1.8 0 0 0 0 0 35.3207 43.5513 
113 99 85 127 141 155 3.1 0 0 0 0 0 34.3522 33.3773 
127 99 113 85 141 155 3.6 0 0 0 0 0 34.3813 28.4555 
141 99 113 127 85 155 2 0 0 0 0 0 36.6991 20.7034 
155 99 113 127 141 85 77.3 0 0 0 0 0 23.6696 -10.1012 
86 100 114 128 142 156 0.3 0 0 0 0 0 35.882 61.9472 
100 86 114 128 142 156 1.8 0 0 0 0 0 35.3761 43.9698 
114 100 86 128 142 156 3 0 0 0 0 0 34.5422 34.0784 
128 100 114 86 142 156 3.3 0 0 0 0 0 34.8669 30.1321 
142 100 114 128 86 156 0.5 0 0 0 0 0 37.018 17.2824 
156 100 114 128 142 86 5.4 0 0 0 0 0 35.3397 -1.25998 
87 101 115 129 143 157 0.5 0 0 0 0 0 35.8517 61.0488 
101 87 115 129 143 157 1.9 0 0 0 0 0 35.2883 43.0483 
115 101 87 129 143 157 3.1 0 0 0 0 0 34.4465 33.2832 
129 101 115 87 143 157 3.3 0 0 0 0 0 34.8665 29.68 
143 101 115 129 87 157 0.4 0 0 0 0 0 37.0763 15.6546 
157 101 115 129 143 87 6.7 0 0 0 0 0 34.7995 -1.69615 
88 102 116 130 144 158 0.6 0 0 0 0 0 35.8142 60.1388 
102 88 116 130 144 158 2.1 0 0 0 0 0 35.1949 42.1275 
116 102 88 130 144 158 3.2 0 0 0 0 0 34.3503 32.4997 
130 102 116 88 144 158 3.4 0 0 0 0 0 34.8716 29.245 
144 102 116 130 88 158 0.3 0 0 0 0 0 37.1155 13.9566 
158 102 116 130 144 88 8.5 0 0 0 0 0 34.1651 -2.22548 
89 103 117 131 145 159 0.8 0 0 0 0 0 35.7692 59.217 
103 89 117 131 145 159 2.2 0 0 0 0 0 35.0958 41.2074 
117 103 89 131 145 159 3.3 0 0 0 0 0 34.254 31.7274 
131 103 117 89 145 159 3.4 0 0 0 0 0 34.882 28.8294 
145 103 117 131 89 159 0.1 0 0 0 0 0 37.1238 12.1897 
159 103 117 131 145 89 10.9 0 0 0 0 0 33.4325 -2.85883 
90 104 118 132 146 160 1 0 0 0 0 0 35.7165 58.2835 
104 90 118 132 146 160 2.3 0 0 0 0 0 34.9911 40.284 
118 104 90 132 146 160 3.4 0 0 0 0 0 34.1576 30.9629 
132 104 118 90 146 160 3.5 0 0 0 0 0 34.8974 28.432 
146 104 118 132 90 160 0 0 0 0 0 0 37.0827 10.3551 
160 104 118 132 146 90 15.4 0 0 0 0 0 32.5971 -3.60723 
91 105 119 133 147 161 1.1 0 0 0 0 0 35.656 57.3382 
105 91 119 133 147 161 2.5 0 0 0 0 0 34.881 39.3588 
119 105 91 133 147 161 3.6 0 0 0 0 0 34.0612 30.2062 
133 105 119 91 147 161 3.5 0 0 0 0 0 34.9174 28.0512 
147 105 119 133 91 161 0.2 0 0 0 0 0 36.9653 8.45311 
161 105 119 133 147 91 153.3 0 0 0 0 0 31.6532 -4.48228 
92 106 120 134 148 162 1.3 0 0 0 0 0 35.5876 56.3811 
106 92 120 134 148 162 2.6 0 0 0 0 0 34.7656 38.4338 
120 106 92 134 148 162 3.7 0 0 0 0 0 33.9649 29.459 
134 106 120 92 148 162 3.6 0 0 0 0 0 34.9411 27.6853 
148 106 120 134 92 162 0.3 0 0 0 0 0 36.7321 6.48359 
162 106 120 134 148 92 150.2 0 0 0 0 0 30.5932 -5.49586 
93 107 121 135 149 163 1.4 0 0 0 0 0 35.5111 55.4121 
107 93 121 135 149 163 2.8 0 0 0 0 0 34.6447 37.5088 
121 107 93 135 149 163 3.8 0 0 0 0 0 33.8686 28.7207 
135 107 121 93 149 163 3.6 0 0 0 0 0 34.9672 27.3325 
149 107 121 135 93 163 0.5 0 0 0 0 0 36.33 4.44572 
163 107 121 135 149 93 148.1 0 0 0 0 0 29.4077 -6.66041 
94 108 122 136 150 164 1.6 0 0 0 0 0 35.4262 54.4313 
108 94 122 136 150 164 2.9 0 0 0 0 0 34.5186 36.5836 
122 108 94 136 150 164 3.9 0 0 0 0 0 33.7724 27.9906 
136 108 122 94 150 164 3.6 0 0 0 0 0 34.9931 24.6236 
150 108 122 136 94 164 0.6 0 0 0 0 0 35.6949 2.33773 
164 108 122 136 150 94 146.6 0 0 0 0 0 28.0847 -7.98853 
95 109 123 137 151 165 1.7 0 0 0 0 0 35.3329 53.4386 
109 95 123 137 151 165 3 0 0 0 0 0 34.3872 35.6579 
123 109 95 137 151 165 4 0 0 0 0 0 33.6761 27.2676 
137 109 123 95 151 165 3.7 0 0 0 0 0 35.0138 21.3933 
151 109 123 137 95 165 0.8 0 0 0 0 0 34.7617 0.156771 
165 109 123 137 151 95 145.4 0 0 0 0 0 26.6096 -9.49342 
96 110 124 138 152 166 1.9 0 0 0 0 0 35.231 52.4286 
110 96 124 138 152 166 3.2 0 0 0 0 0 34.2505 34.7295 
124 110 96 138 152 166 4.1 0 0 0 0 0 33.5794 26.5457 
138 110 124 96 152 166 3.7 0 0 0 0 0 35.019 18.0418 
152 110 124 138 96 166 132.1 0 0 0 0 0 33.4822 -2.10072 
166 110 124 138 152 96 144.3 0 0 0 0 0 24.9657 -11.1888 
97 111 125 139 153 167 2 0 0 0 0 0 35.1202 51.4063 
111 97 125 139 153 167 3.3 0 0 0 0 0 34.1083 33.7957 
125 111 97 139 153 167 4.2 0 0 0 0 0 33.4821 25.8287 
139 111 125 97 153 167 3.7 0 0 0 0 0 34.9874 14.5698 
153 111 125 139 97 167 131.5 0 0 0 0 0 31.8413 -4.43964 
167 111 125 139 153 97 143.5 0 0 0 0 0 23.134 -13.089 
98 112 126 140 154 168 2.2 0 0 0 0 0 35.0004 50.372 
112 98 126 140 154 168 3.4 0 0 0 0 0 33.9608 32.8603 
126 112 98 140 154 168 4.3 0 0 0 0 0 33.3838 25.1157 
140 112 126 98 154 168 3.8 0 0 0 0 0 34.8737 10.9775 
154 112 126 140 98 168 131.1 0 0 0 0 0 29.86 -6.86618 
168 112 126 140 154 98 142.8 0 0 0 0 0 21.0936 -15.2087 
99 113 127 141 155 169 2.4 0 0 0 0 0 34.8713 49.3257 
113 99 127 141 155 169 3.6 0 0 0 0 0 33.8077 31.9228 
127 113 99 141 155 169 4.3 0 0 0 0 0 33.2837 24.4051 
141 113 127 99 155 169 3.8 0 0 0 0 0 34.5853 7.26502 
155 113 127 141 99 169 130.7 0 0 0 0 0 27.5828 -9.38739 
169 113 127 141 155 99 142.2 0 0 0 0 0 18.8226 -17.5637 
100 114 128 142 156 170 2.5 0 0 0 0 0 34.7327 48.2673 
114 100 128 142 156 170 3.7 0 0 0 0 0 33.6489 30.9828 
128 114 100 142 156 170 4.4 0 0 0 0 0 33.1805 23.6955 
142 114 128 100 156 170 3.9 0 0 0 0 0 33.948 3.43086 
156 114 128 142 100 170 130.3 0 0 0 0 0 25.0587 -12.012 
170 114 128 142 156 100 141.6 0 0 0 0 0 16.2977 -20.1709 
101 115 129 143 157 171 2.7 0 0 0 0 0 34.5845 47.1967 
115 101 129 143 157 171 3.8 0 0 0 0 0 33.4842 30.0395 
129 115 101 143 157 171 4.5 0 0 0 0 0 33.0717 22.9821 
143 115 129 101 157 171 3.9 0 0 0 0 0 32.6969 -0.525904 
157 115 129 143 101 171 130 0 0 0 0 0 22.3282 -14.7498 
171 115 129 143 157 101 141.2 0 0 0 0 0 13.4954 -23.0484 
102 116 130 144 158 172 2.8 0 0 0 0 0 34.4263 46.1139 
116 102 130 144 158 172 4 0 0 0 0 0 33.3132 29.0887 
130 116 102 144 158 172 4.6 0 0 0 0 0 32.9516 21.4839 
144 116 130 102 158 172 111.4 0 0 0 0 0 30.5754 -4.60791 
158 116 130 144 102 172 129.7 0 0 0 0 0 19.4176 -17.6122 
172 116 130 144 158 102 140.8 0 0 0 0 0 10.3917 -26.2157 
103 117 131 145 159 173 3 0 0 0 0 0 34.2579 45.0187 
117 103 131 145 159 173 4.1 0 0 0 0 0 33.1358 28.1305 
131 117 103 145 159 173 4.7 0 0 0 0 0 32.8076 17.1589 
145 117 131 103 159 173 111.3 0 0 0 0 0 27.5277 -8.81815 
159 117 131 145 103 173 129.4 0 0 0 0 0 16.3392 -20.6122 
173 117 131 145 159 103 140.4 0 0 0 0 0 6.9621 -29.6946 
104 118 132 146 160 174 3.2 0 0 0 0 0 34.0789 43.9109 
118 104 132 146 160 174 4.2 0 0 0 0 0 32.9513 27.1667 
132 118 104 146 160 174 4.8 0 0 0 0 0 32.6084 12.6968 
146 118 132 104 160 174 111.3 0 0 0 0 0 23.739 -13.1612 
160 118 132 146 104 174 129.2 0 0 0 0 0 13.0944 -23.7651 
174 118 132 146 160 104 140.1 0 0 0 0 0 3.1809 -33.5092 
105 119 133 147 161 175 3.3 0 0 0 0 0 33.8892 42.7881 
119 105 133 147 161 175 4.4 0 0 0 0 0 32.7589 26.1962 
133 119 105 147 161 175 4.9 0 0 0 0 0 32.2781 8.09793 
147 119 133 105 161 175 111.3 0 0 0 0 0 19.4582 -17.642 
161 119 133 147 105 175 129 0 0 0 0 0 9.67547 -27.0875 
175 119 133 147 161 105 139.9 0 0 0 0 0 -0.979459 -37.6872 
106 120 134 148 162 176 3.5 0 0 0 0 0 33.6882 41.6475 
120 106 134 148 162 176 4.5 0 0 0 0 0 32.5574 25.2182 
134 120 106 148 162 176 5 0 0 0 0 0 31.6406 3.36146 
148 120 134 106 162 176 111.3 0 0 0 0 0 14.8607 -22.2672 
162 120 134 148 106 176 128.8 0 0 0 0 0 6.06809 -30.5993 
176 120 134 148 162 106 139.6 0 0 0 0 0 -5.54986 -42.2607 
107 121 135 149 163 177 3.7 0 0 0 0 0 33.4756 40.4933 
121 107 135 149 163 177 4.6 0 0 0 0 0 32.344 24.229 
135 121 107 149 163 177 5.1 0 0 0 0 0 30.3514 -1.51368 
149 121 135 107 163 177 111.3 0 0 0 0 0 10.0358 -27.0447 
163 121 135 149 107 177 128.6 0 0 0 0 0 2.25158 -34.324 
177 121 135 149 163 107 139.4 0 0 0 0 0 -10.5663 -47.2671 
108 122 136 150 164 178 3.8 0 0 0 0 0 33.2509 39.3251 
122 108 136 150 164 178 4.8 0 0 0 0 0 32.1129 21.1312 
136 122 108 150 164 178 95.4 0 0 0 0 0 27.9665 -6.53034 
150 122 136 108 164 178 111.3 0 0 0 0 0 5.01862 -31.984 
164 122 136 150 108 178 128.4 0 0 0 0 0 -1.80098 -38.2894 
178 122 136 150 164 108 139.3 0 0 0 0 0 -16.0721 -52.7522 
109 123 137 151 165 179 4 0 0 0 0 0 33.0135 38.1426 
123 109 137 151 165 179 4.9 0 0 0 0 0 31.8495 16.4512 
137 123 109 151 165 179 95.5 0 0 0 0 0 24.3047 -11.6902 
151 123 137 109 165 179 111.4 0 0 0 0 0 -0.18333 -37.0967 
165 123 137 151 109 179 128.3 0 0 0 0 0 -6.12423 -42.5309 
179 123 137 151 165 109 139.1 0 0 0 0 0 -22.1216 -58.7717 
